bundles_count	numberOfGoals	variability	execIndex	changing_goals_0	dam_updated_0	deployment_change_planned_0	deployment_change_excuted_0	dam_updated_1	deployment_change_planned_1	deployment_change_excuted_1	dam_updated_2	deployment_change_planned_2	deployment_change_excuted_2	dam_updated_3	deployment_change_planned_3	deployment_change_excuted_3	dam_updated_4	deployment_change_planned_4	deployment_change_excuted_4	
62	1	2	0	3223	1619883	2116397	261135	69169	140816	996779	39878	146788	16279	32296	113768	182026	28489	80304	32636	
124	2	2	0	442	5723270	260826	200120	71567	252274	183681	46777	110894	69577	15119	110835	62111	78853	79764	4323	
186	3	2	0	356	1156004	303411	88530	61891	116428	79174	39062	123907	31151	11846	101324	46267	23192	101497	4384	
248	4	2	0	684	899896	470635	150306	34987	234376	93315	34319	144863	35106	13409	138491	77897	46355	151775	4733	
310	5	2	0	548	965086	357113	113516	18802	157513	204511	52222	160231	45624	21344	148431	128464	47090	144768	42461	
372	6	2	0	366	1174889	451399	85809	14164	166832	132735	31074	159134	44397	16981	158348	142870	30887	157094	80518	
434	7	2	0	306	604896	393969	82949	38539	217976	81397	45883	192565	3926	9214	189727	78831	35929	186655	4044	
496	8	2	0	540	468719	363924	92313	14389	234014	132573	74699	341512	5977	15214	253870	187675	31895	256113	99608	
558	9	2	0	421	714776	482916	104581	14668	252809	194609	38460	239468	100843	9271	236636	145734	32312	301781	74282	
620	10	2	0	775	551043	454926	115438	13921	266911	161432	39934	259864	57858	10537	259054	217628	49031	318334	66422	
682	11	2	0	281	532559	626308	220481	22937	384750	199571	67022	229973	68197	12677	221740	153643	79810	382543	7982	
744	12	2	0	369	895572	560531	219206	22772	457321	400583	124016	409007	58533	14347	319914	53573	58476	252381	5120	
806	13	2	0	288	680233	609770	159422	14372	394246	52316	73651	403485	8223	19507	504505	244032	135715	540419	138495	
868	14	2	0	393	753680	687373	264870	36449	570249	852589	81538	348022	178014	15918	338659	197843	88472	297522	39585	
930	15	2	0	380	900718	1142913	178264	28644	340686	72775	74511	299740	3519	11417	298931	162455	78321	306860	105674	
992	16	2	0	515	817990	723746	178713	17086	336820	135725	72208	325572	106662	11856	320426	67855	133873	442292	7468	
1054	17	2	0	453	1466832	1411703	251590	31780	478703	88750	91253	363487	3602	10064	354368	84379	69482	345401	3104	
1116	18	2	0	11147	952428	780603	201865	19518	388510	224890	74714	498896	178609	23057	542765	281433	105366	422503	189469	
1178	19	2	0	129	1222528	831902	212089	13206	397619	82760	69512	379893	3171	11133	375115	90074	84385	378062	35945	
1240	20	2	0	72	957750	899754	239884	21416	693542	142181	83004	648512	4955	13451	567430	150715	98406	414651	3797	
1302	21	2	0	120	1359405	939868	253827	45883	814266	156781	140895	1000972	41777	18475	813540	295535	157563	704328	4011	
1364	22	2	0	150	1988435	1112889	63663	24432	741549	840723	243361	607184	394029	16066	459626	143773	92474	403471	2355	
1426	23	2	0	219	1637861	1312631	119730	22464	799047	173377	101367	446482	2888	12504	394321	158771	98273	382783	42855	
1488	24	2	0	265	1363052	1070066	131892	20928	809595	268375	142823	731917	5535	18808	704303	363419	143759	641882	85918	
1550	25	2	0	135	1676304	1510009	206578	22953	867986	358904	144505	772375	320778	34039	1064917	192563	94060	474533	45168	
1612	26	2	0	101	1082856	953897	70412	13752	468867	142425	88398	483110	3287	10781	620424	230862	92209	565610	193516	
1674	27	2	0	79	1101654	1451936	84954	25035	830738	817514	154035	777948	303574	19246	541076	345128	161575	747238	251382	
1736	28	2	0	141	1879859	1241333	75619	18034	587064	195051	118056	853801	147665	57510	759396	369214	135560	621274	187017	
1798	29	2	0	122	1656016	1006436	76489	13784	493256	136756	83029	482126	1234	7545	479807	112044	79548	483772	1259	
1860	30	2	0	143	1238457	1213339	86166	20449	606104	265761	95830	507784	90699	9822	500911	306351	91439	533992	658780	
1922	31	2	0	285	2053027	1596916	182250	16021	626952	104399	95504	535876	1175	10082	948360	492717	153686	874557	245272	
1984	32	2	0	138	1730324	1866563	127834	17868	685491	173948	108077	610722	1319	8747	602157	151888	99056	1045342	3411	
2046	33	2	0	139	2109153	1182181	87606	11993	738740	261561	104163	616086	1739	10878	584666	145956	96661	564754	1913	
2108	34	2	0	310	1690140	1137896	89788	14472	563663	213000	85919	546727	115486	8675	745973	212948	134059	607648	119920	
2170	35	2	0	185	1718038	23355269	96680	20964	1030393	201703	141520	976336	2835	13437	753935	227516	112379	585471	108501	
2232	36	2	0	210	1228994	1887189	202734	21350	926319	181315	102581	680811	1863	13381	734648	189279	95517	715023	1625	
2294	37	2	0	178	1537219	1715157	189994	20769	1212519	348526	162130	1103039	3126	13871	1042644	386067	167638	1007444	2191	
2356	38	2	0	104	1176388	1997632	197937	17789	1064721	171885	102904	1026779	2683	13241	1037804	417115	165973	1481267	207770	
2418	39	2	0	207	1224990	1459446	105209	13197	666967	161938	90691	611626	1071	9064	707880	309076	105100	801051	166529	
2480	40	2	0	168	1102745	1395730	104775	13200	794181	405023	122212	844982	269203	18629	679705	604996	156751	755374	509874	
2542	41	2	0	241	1608178	2052583	116031	15447	829308	239076	122350	703334	105781	8445	705586	261965	116960	913102	2398	
2604	42	2	0	240	1445562	1425244	172788	16159	829409	194123	111157	633541	1475	9962	621686	316214	103133	569638	165199	
2666	43	2	0	78	1645642	1381031	124547	14822	830258	223876	138093	701721	1839	11357	606051	321061	109317	594692	113291	
2728	44	2	0	159	1273129	2161869	218803	34241	848389	510419	121738	1116736	380314	19526	529037	514166	118827	484757	347990	
2790	45	2	0	231	1270365	1404382	120437	13662	502097	215166	223199	563486	1903	14983	670174	368436	123524	480309	170095	
2852	46	2	0	94	1530551	1363518	123231	16351	504224	254774	118102	683686	65967	12589	557575	143921	131308	474190	1605	
2914	47	2	0	73	1970828	1910639	124581	14322	539956	72917	125180	459854	1081	6886	448510	67758	120804	538874	1700	
2976	48	2	0	101	1367558	1578646	128747	13954	704067	146789	197231	824650	3116	13387	704943	76189	120580	1025368	3208	
3038	49	2	0	245	2137758	2803790	232428	25905	666754	111460	129210	504800	41465	9665	472771	110756	103280	485761	42343	
3100	50	2	0	78	1372390	1791500	272140	20305	961969	84010	125854	632806	1252	9457	593779	69902	106236	591226	1037	
3162	51	2	0	77	1394263	1585520	300403	22175	1079746	115001	139361	675689	1347	13347	614851	180839	107106	617097	224090	
3224	52	2	0	166	1422725	1722972	147225	32437	813380	105551	131278	1041505	3257	28498	1318416	406839	156980	747208	173305	
3286	53	2	0	144	1541426	2526754	301546	19808	1280472	262887	220509	1135544	77617	19455	1085735	364098	160573	760226	125763	
3348	54	2	0	120	1453624	1677936	144844	15031	836117	95991	139843	1053093	2986	21229	1320725	143804	226994	707465	2031	
3410	55	2	0	77	1515728	1564537	232816	19770	849563	87483	129862	650997	1135	6990	623361	118741	93277	1060990	3763	
3472	56	2	0	248	2158800	1940964	322482	20439	1094905	784347	210632	886411	365635	13328	666517	265421	132962	661065	105946	
3534	57	2	0	77	1515061	1824179	191026	23032	965358	437708	170455	739199	219117	15641	699638	467631	134415	689063	292654	
3596	58	2	0	88	2359980	3032997	259218	20514	911614	312939	151019	730475	114576	13466	730212	900928	232221	1315629	392139	
3658	59	2	0	133	1679743	2371070	58316	18816	850926	455510	225574	1403753	534591	27646	1244850	405007	226272	1021799	2347	
3720	60	2	0	118	1883760	2695719	57580	17627	1264762	552735	253645	1355901	95682	23425	1161528	241621	243743	1207001	97786	
3782	61	2	0	204	2768876	4543320	88213	69481	1427811	225320	248313	1043401	69973	14727	1091106	129583	209863	1083043	2031	
3844	62	2	0	165	1887760	2137641	105010	25875	1552583	361194	251803	1106726	194834	28896	950896	90580	187396	1123679	2265	
3906	63	2	0	100	1902822	2070780	57777	18470	1111476	236084	192669	1190425	151244	14200	1138049	131309	197362	1502906	109512	
3968	64	2	0	335	2940670	5921850	155341	17984	1867670	166861	194166	1270489	60560	13362	1093291	94313	266510	2021010	4771	
4030	65	2	0	223	3174892	5982621	133966	34944	1173738	147121	157374	1096510	58108	11990	1003808	94146	161010	1106219	1553	
4092	66	2	0	181	3688276	4278813	137255	20125	1347969	251727	190466	1147515	106832	12600	1002138	91937	149767	1110207	1904	
4154	67	2	0	118	2825815	4675322	133071	16895	1135633	232656	157421	1191589	172415	29829	1252256	147800	180318	1144602	60182	
4216	68	2	0	203	2797650	5128668	160260	31470	1760766	181928	279587	1816294	3191	24041	1985958	280349	589270	1502139	60104	
4278	69	2	0	125	2700982	4425563	176096	13291	1091091	101096	212709	1001200	860	4563	1153200	131625	182658	1165055	913	
4340	70	2	0	150	3762126	4562081	206108	52945	1535783	310466	280898	1020797	209959	37180	1063506	97293	220618	1002707	956	
4402	71	2	0	112	3650527	4935720	223795	60140	1260532	106649	213114	1498838	2574	17032	1240927	116780	301568	1252938	1301	
4464	72	2	0	120	3830551	5525657	168876	19733	1184664	115513	242549	1156080	909	9643	1030477	149236	191837	998119	55676	
4526	73	2	0	179	3505429	6704311	161921	19976	1217514	107106	177016	1094470	1141	6533	1188447	112588	156380	1019717	965	
4588	74	2	0	112	2789810	5039346	154910	17433	1183665	304250	188182	1073299	221746	9797	1077482	153687	277761	1318753	67910	
4650	75	2	0	121	4239776	6076924	280705	28331	1779707	127034	440731	1661083	3305	13407	1285522	140512	203677	2385943	3702	
4712	76	2	0	198	4128441	6559920	163910	25218	1648315	168416	331739	1083016	58264	6197	1163656	120512	303608	1082778	965	
4774	77	2	0	145	4015821	6100743	169713	15403	1438750	111485	210954	1091891	1042	12603	1216750	321620	183791	20042109	255852	
4836	78	2	0	97	2696687	2703292	98749	26199	1253056	232975	269687	1211365	88535	34901	1022392	117382	193446	865223	1245	
4898	79	2	0	114	2390758	2007007	70115	16285	1079700	371932	231265	871537	117810	12511	810585	144125	353370	837129	64870	
4960	80	2	0	107	2742252	2369101	71535	15417	970501	111017	175103	814529	752	5314	891463	233874	212502	896992	4823	
5022	81	2	0	100	2264662	2388727	72893	12823	961840	109930	187885	863701	4577	8985	783964	111710	180990	809262	817	
5084	82	2	0	101	2424861	2101636	72174	14606	1067284	123248	207967	1521612	2876	19205	1531425	305537	347087	1128261	127873	
5146	83	2	0	101	2371823	2058740	72736	17113	1328760	175635	328821	1344116	79081	15739	1028971	136004	224714	1328205	2188	
5208	84	2	0	121	2461683	2541391	87739	15736	1113097	167334	199619	824127	61309	8113	801814	273552	188046	803987	178759	
5270	85	2	0	175	3763465	2301518	84903	18869	1335249	148513	239129	928916	1402	11857	873371	118387	199787	1029285	2170	
5332	86	2	0	281	2848344	2304740	98729	16411	1167765	297083	364555	1449722	72117	14673	882904	161327	243303	856453	62483	
5394	87	2	0	102	2264261	2080061	74712	13369	1304611	191928	224635	897374	63662	9217	835646	111274	170911	831091	678	
5456	88	2	0	95	2759006	2515710	74324	20345	988747	402506	188576	838586	310405	4776	1241945	209462	438760	1286797	133649	
5518	89	2	0	179	3783916	2662144	82177	20451	1047695	253301	423981	1263267	2238	13906	1112840	120657	241218	922647	956	
5580	90	2	0	105	2425285	2473268	86337	14304	1060543	117545	210872	989583	662	5853	877527	116304	300882	861552	682	
5642	91	2	0	99	4612786	2674902	79754	23744	1007406	193533	258625	863441	66753	15226	1477916	327152	269791	947276	200638	
5704	92	2	0	110	3420939	2806814	84974	15295	1592657	204159	330549	1697581	2172	18694	1140367	516284	327673	2145182	373008	
5766	93	2	0	255	3714807	4820961	148681	19964	1786617	334781	347143	1704653	141870	17286	2042550	421933	342536	1477001	1872	
5828	94	2	0	175	3899122	3646698	130063	22361	2477614	159270	245450	1206225	1445	13417	1202318	201895	340155	1410984	137194	
5890	95	2	0	163	3518028	2638734	80376	20669	1209575	286745	224605	1007020	141300	6895	936801	117760	213222	929900	1304	
5952	96	2	0	245	2690195	2313734	80441	14822	1067481	127500	199223	888242	599	4331	882797	112633	206271	952135	808	
6014	97	2	0	99	2388680	2498939	79450	13007	1009686	133732	216179	1068107	1000	11167	944846	181985	205134	999584	71171	
6076	98	2	0	100	2646339	2555004	80376	13789	1071668	412336	217299	962787	312827	8688	1568792	149426	259603	1073821	1745	
6138	99	2	0	93	2733146	2536579	89915	13306	1315822	140734	267892	1089261	1107	9894	991529	127836	239890	1035208	1054	
6200	100	2	0	97	2687801	2633392	92582	13470	2166927	135616	231230	1736349	1840	12566	1279936	146492	234548	1522159	2017	
62	1	2	1	100	39517	56507	3100	10473	19390	4347	4861	13107	2120	3385	8920	1479	1901	7201	371	
124	2	2	1	144	106122	64407	5270	7602	29991	4645	6383	25124	752	6466	26542	6153	8564	17661	1650	
186	3	2	1	175	87166	60319	3951	6383	27380	7466	5596	22230	5045	3698	22467	6173	3910	20335	3595	
248	4	2	1	99	111579	116663	7399	10589	42008	5962	5385	33680	2575	3118	30805	6068	5597	30952	455	
310	5	2	1	3190	124777	99993	5788	4701	43565	4968	8411	44232	501	3258	33280	7221	5176	30744	2935	
372	6	2	1	5073	138277	113204	7077	5774	48934	11607	8697	41388	6585	3314	38567	8023	8672	36820	3581	
434	7	2	1	54	157151	151634	7055	4606	67437	7307	9291	57448	484	2849	55685	6884	8683	53549	443	
496	8	2	1	88	183984	164931	8522	5353	74664	8720	13642	64793	532	3498	64714	12128	10643	65741	5478	
558	9	2	1	83	253938	268175	14211	8101	95823	9182	22643	91644	767	5529	87615	9590	19898	79812	503	
620	10	2	1	81	226268	202890	10335	7324	87929	18300	13819	78190	10878	2868	74545	8089	28226	71418	542	
682	11	2	1	59	232725	214969	11473	5593	91589	18226	14202	83598	22221	13956	153738	11924	21732	99254	714	
744	12	2	1	82	373961	410399	17434	9178	135939	18028	33356	95121	7374	3728	85946	15601	20135	85057	7576	
806	13	2	1	83	301830	300941	15485	21307	146479	25664	33590	129027	15251	39936	140079	25511	23829	131142	15667	
868	14	2	1	84	436663	447161	25581	80620	174232	24569	34684	141374	8980	5346	134049	14935	40523	135271	612	
930	15	2	1	110	558207	376620	17598	6555	155010	14395	28269	151088	698	3700	138578	21114	37516	136293	9429	
992	16	2	1	82	496203	388642	16378	6167	155417	17114	24441	144179	606	2592	145816	16276	30846	143302	598	
1054	17	2	1	116	722054	495044	19921	11214	189441	35963	39418	156648	11459	3458	152740	19254	33027	151875	598	
1116	18	2	1	85	527450	403000	16969	5400	170273	20206	28534	160624	567	4066	158992	27335	36983	159301	12032	
1178	19	2	1	58	462004	437241	30620	7820	192364	64343	35724	172649	55166	2768	176224	20202	35383	166463	546	
1240	20	2	1	72	483779	439755	19607	5732	182643	39158	34172	172602	24334	3507	170010	18973	26936	170833	582	
1302	21	2	1	81	529245	447771	19526	8808	309318	64403	45645	191303	39553	4149	182213	24129	37144	186552	702	
1364	22	2	1	97	836190	481418	21244	9421	203486	35847	46851	192269	16168	3827	189508	52082	33345	190494	38789	
1426	23	2	1	83	591530	488228	21328	6863	209421	40303	49161	193182	16551	2746	185955	27737	37827	189649	658	
1488	24	2	1	51	637123	502594	21098	9218	234405	61909	44384	205261	45956	2657	196081	27247	39409	196617	579	
1550	25	2	1	158	855316	833770	25101	16334	305944	59587	71575	269985	33681	7247	268766	82165	66078	269390	63303	
1612	26	2	1	105	966610	772322	25573	16568	335892	75140	75057	288796	51888	3619	319364	68717	128870	485880	2729	
1674	27	2	1	137	1444612	914150	59450	12474	470692	54891	71353	458397	27611	12195	462460	144311	66269	466842	117030	
1736	28	2	1	210	17534467	778394	28706	49151	341657	82517	59994	300721	39838	3221	296324	32172	55248	316371	932	
1798	29	2	1	120	950692	789039	27812	7321	434542	43905	88229	353416	699	7602	345296	62477	68596	309720	22244	
1860	30	2	1	82	907695	736340	29258	9546	328590	71985	52935	313824	42522	5344	346595	106973	48020	328593	79324	
1922	31	2	1	82	816666	721947	29004	7548	336747	39924	55827	412612	1364	7223	328206	61633	64368	323165	23857	
1984	32	2	1	91	1613445	860504	29954	8885	331372	43095	63808	315934	621	3538	319379	55474	56169	317341	23738	
2046	33	2	1	88	852477	739361	30146	9460	333883	119792	52084	326598	88455	3156	322428	59326	50815	324738	24480	
2108	34	2	1	79	1062319	772356	31542	7054	342651	61259	59774	333584	25449	4442	403636	70402	79153	422035	29591	
2170	35	2	1	85	1237420	810499	33386	10962	373775	49791	82799	368993	959	3361	350711	43525	77975	355575	641	
2232	36	2	1	82	950306	813025	33111	7101	356000	45347	71609	473247	1726	9549	367886	48171	79018	357646	606	
2294	37	2	1	85	989366	975236	37242	9788	430515	52623	77548	389955	694	5470	390942	97565	148064	656534	60608	
2356	38	2	1	96	1036362	1432726	59435	15474	917911	159181	146867	730449	55398	13693	651972	94791	135993	672413	2121	
2418	39	2	1	218	1660869	1062503	36987	10967	416657	77599	87408	382697	29825	3388	454490	58026	92147	403493	980	
2480	40	2	1	82	1224777	1072886	38695	8958	436971	56002	85785	486846	1537	8839	391513	50961	84474	392096	611	
2542	41	2	1	86	1012278	940129	37171	7423	416926	56796	97392	401571	659	7712	399824	205277	78637	405494	171811	
2604	42	2	1	82	1336282	1042360	82209	8579	504835	53309	95224	412635	638	7189	429082	100489	121881	411793	766	
2666	43	2	1	80	1123546	971419	39068	10650	431652	106026	75950	442103	101137	9769	446669	123493	73849	418204	63518	
2728	44	2	1	105	1255349	1054293	40289	11573	448132	78215	110637	416593	33394	2796	414582	57241	80441	420174	705	
2790	45	2	1	86	1206365	1125941	60618	44020	592169	337258	184967	589266	228532	10541	713307	147704	233734	691698	37646	
2852	46	2	1	86	1290169	1003046	42498	9584	444973	59061	91492	426696	625	3003	422120	84253	122554	528186	1621	
2914	47	2	1	139	1330278	1593972	47633	13620	588307	107669	122301	499124	38823	5470	503237	69305	106274	471332	791	
2976	48	2	1	88	1250691	1093553	43724	10679	494991	200873	104685	475793	150839	5420	609542	108043	123873	540160	93960	
3038	49	2	1	110	1862662	1379939	46339	15951	488716	188937	108769	454794	140962	6545	449827	209802	79776	453777	140578	
3100	50	2	1	85	1323466	1654431	50623	16007	699454	106718	112347	576549	37629	5415	576870	96002	98548	582754	37690	
3162	51	2	1	85	1502534	1350415	49153	8030	676195	126014	143972	873841	1756	17862	647101	383707	110253	664692	402242	
3224	52	2	1	90	1785159	1294523	54404	8750	636228	66804	107452	591151	628	14195	856006	151065	132485	780171	43662	
3286	53	2	1	116	1556473	1376072	51400	8303	652752	68314	130286	621969	608	4546	725297	137762	209877	706899	61106	
3348	54	2	1	167	2401705	1751675	53004	31776	769800	144605	186567	627570	79035	6161	611251	104079	167433	701374	68470	
3410	55	2	1	118	2507531	2536344	87238	19449	1297856	213477	207702	1377681	84468	20564	1195004	208888	213680	1109273	75913	
3472	56	2	1	162	2473182	1750801	106396	22527	1020073	253068	210927	1210444	226325	11413	663951	70204	211287	630115	796	
3534	57	2	1	80	1500367	1359931	51676	13471	790964	330812	236479	744179	133056	10641	650211	108521	116878	628769	42811	
3596	58	2	1	113	2202120	1559567	53245	10083	759067	101030	178874	961912	2045	10723	709319	84633	130341	724253	1829	
3658	59	2	1	140	1702175	1665218	57863	10274	944063	102348	165322	1116097	3226	11249	893296	98435	155397	843919	2037	
3720	60	2	1	110	2025200	1508949	54455	9121	738116	111634	136247	768510	82792	15324	1071084	132241	160830	715848	45202	
3782	61	2	1	81	1736267	1658182	62213	12741	761399	209588	184797	709543	190513	13009	965504	83547	147049	755547	885	
3844	62	2	1	81	1645648	1731908	68385	14951	1046255	138776	197344	1136709	60364	15117	1038477	148945	168368	733751	47379	
3906	63	2	1	86	1676552	1845101	69911	11280	858044	92641	168843	759648	766	3850	1025046	120535	169288	857541	2043	
3968	64	2	1	95	1776637	1790773	61279	12717	811319	132749	216570	862309	2035	11632	1009401	188470	218145	783629	47718	
4030	65	2	1	86	1639077	1531780	68007	16558	772325	243992	140096	673439	180417	3215	663285	76611	121939	689559	755	
4092	66	2	1	116	1995511	1581518	56045	9720	749578	87232	153327	782368	1574	10950	1303001	130513	150389	698913	47061	
4154	67	2	1	81	2030186	1568983	57572	10350	736511	90627	136823	717784	745	5142	689246	164089	118063	679237	95038	
4216	68	2	1	81	2174808	1741408	64987	11965	1042227	221396	170150	946528	183462	12084	1013709	161215	195805	1246756	3555	
4278	69	2	1	161	2795816	2040151	65077	10837	832993	90149	147851	696360	660	4995	692113	228143	282969	988153	110974	
4340	70	2	1	91	1817462	1854510	64951	12154	851705	148261	172168	828239	57497	5937	927543	128849	239844	855808	1274	
4402	71	2	1	92	1889432	1771216	68329	10664	922977	142978	251255	918005	1797	9522	935067	116692	230314	833070	828	
4464	72	2	1	58	2067141	1827324	67499	13285	862996	230165	184031	1161026	310847	17020	1180039	111299	178428	774423	783	
4526	73	2	1	87	1831766	1819348	65360	10072	860883	142393	157843	911337	61350	12772	860598	213311	175854	743859	104777	
4588	74	2	1	84	2108094	1859344	66342	18459	814193	243988	249879	1002803	196318	7654	816713	98861	246764	760820	658	
4650	75	2	1	82	2802227	2379596	76389	20429	962194	101060	341863	771391	734	5936	763936	98985	243388	864297	1500	
4712	76	2	1	81	3124474	2130433	67966	9775	909706	98080	174674	863689	1411	9777	836423	103329	177735	874224	1162	
4774	77	2	1	132	2854507	5376800	193279	11708	1613156	116887	224690	1789328	3201	33082	1291715	151814	215333	1198866	60036	
4836	78	2	1	127	3355137	4715990	94583	22812	1069763	154917	169742	875902	59645	5428	832121	97967	174278	807573	665	
4898	79	2	1	83	2695024	2970099	112109	14159	1020444	169401	177342	1223671	103649	7877	1335102	222698	471913	1011567	2122	
4960	80	2	1	127	2323548	2198248	71805	6595	1265485	122302	213550	1314201	965	2972	1129984	99948	195894	1122778	1150	
5022	81	2	1	230	4432431	6680393	203281	11399	1661567	118833	329687	1405063	2167	6448	1260647	125630	220959	1319476	1719	
5084	82	2	1	138	4177830	7127404	272635	14081	2085688	134288	350506	1284523	1723	6300	1283159	120404	474018	1882889	2447	
5146	83	2	1	138	4330924	6644182	179992	11957	1562918	192091	232959	1413250	69878	6520	1213327	115323	206371	1170775	1063	
5208	84	2	1	99	3565241	5920056	184556	10129	1318113	170396	208636	1324723	69809	5964	1370537	112415	215668	1165403	941	
5270	85	2	1	104	4069409	6713366	296856	10740	2020104	146732	211946	2087628	3271	9551	2262327	308530	397428	2023758	8407	
5332	86	2	1	158	4285082	6156894	190065	16405	1413363	300652	226343	1222579	193607	4897	1311653	232063	264676	1256453	133694	
5394	87	2	1	139	3284782	6050212	183836	9250	1488587	128307	229756	1248801	1242	4608	1271477	129320	237362	1351623	1678	
5456	88	2	1	99	3272317	5779605	207195	10289	1505771	167869	222708	1300439	1268	4671	1402072	118907	300749	1362178	1222	
5518	89	2	1	98	3309464	6760022	201692	10398	1480948	204540	310321	1436062	77433	9860	1695947	194012	246893	1281700	70778	
5580	90	2	1	100	3342552	6737773	183542	14460	1533008	408860	281660	1415099	342019	9569	1271657	108824	235785	1298564	957	
5642	91	2	1	101	3680809	6245035	297045	74025	1759705	562626	295279	2825008	418385	8135	2380347	130712	185284	1378477	1264	
5704	92	2	1	258	4087823	5763119	191241	5331	1567320	128883	181042	1437420	5105	6930	1261126	391236	169085	2470107	423879	
5766	93	2	1	98	3712035	6444003	214862	7252	1745195	191574	207327	1497719	82169	8520	2368431	191289	181578	1517228	82732	
5828	94	2	1	151	3915909	5780413	236225	8731	1958394	132277	196863	1319822	1142	6496	1271584	129761	164656	1447957	1425	
5890	95	2	1	117	5557296	7217756	317372	11037	1569456	142924	265184	1517700	2787	6579	1503298	334282	234078	1364868	73789	
5952	96	2	1	149	5520767	16425445	231304	14041	2116802	166885	471844	3315315	4632	17707	3876228	938835	434581	1865179	293072	
6014	97	2	1	101	5295269	35462710	1998893	17408	7170429	162534	313703	12810498	6367	17981	4993090	387327	318396	1690332	257809	
6076	98	2	1	112	5001324	7783900	295320	11467	2169105	164070	301806	1280703	892	3051	1355098	132372	240780	1424096	2299	
6138	99	2	1	137	4934963	8281078	334362	14468	2215968	165405	284532	2019284	2563	5590	1405945	142172	253779	1454570	1447	
6200	100	2	1	100	4990933	7575967	229290	13222	2995203	237918	332907	2223241	84023	13961	2177433	404415	261527	1992186	346689	
62	1	2	2	99	66007	129769	7415	4487	21525	2199	2265	18940	538	1788	19916	2045	1103	18049	1995	
124	2	2	2	99	127424	145709	8419	1949	32802	3192	2656	27431	480	1656	26364	2996	2235	25875	465	
186	3	2	2	97	170223	228548	10631	4339	46333	4532	4308	36262	565	1440	34256	4456	4993	32611	536	
248	4	2	2	94	158016	237493	12166	1964	58604	5488	6009	62062	589	13294	56902	14049	5851	54136	8022	
310	5	2	2	71	181867	315660	12603	2587	78542	6745	7517	76708	2204	9437	141728	87388	19587	141101	17343	
372	6	2	2	98	334280	474837	15924	4609	96454	20306	8183	68297	5539	1499	65393	7869	6005	63433	573	
434	7	2	2	106	256110	412901	17350	2638	132064	9793	8579	100420	632	2197	104078	12652	9730	96306	6583	
496	8	2	2	97	294140	476548	30812	8959	187176	21299	13371	139913	21126	3959	111356	22877	14113	122724	15331	
558	9	2	2	110	522395	582062	24483	5191	134681	24056	10705	147107	17622	5160	113756	11686	15856	125033	625	
620	10	2	2	95	389749	756676	31405	9998	221730	69017	28997	162735	30147	5928	133066	13729	18900	127816	681	
682	11	2	2	96	415103	670503	26685	5699	161080	18497	13504	279229	10966	6593	149238	16027	17764	143048	9458	
744	12	2	2	97	468837	711764	26982	3025	148387	17891	18282	137455	10618	1465	130416	16996	13078	131438	600	
806	13	2	2	100	480879	791689	28622	4328	222826	17710	18822	199176	591	5931	206575	43792	16313	236530	33446	
868	14	2	2	126	587023	972155	35237	4114	224945	18041	21130	213040	3749	4298	212269	16011	21012	201212	641	
930	15	2	2	131	622031	934178	35950	3172	246837	18829	21153	214457	709	4351	247385	49497	22868	245032	51693	
992	16	2	2	114	776350	959161	34546	2614	248712	24935	21268	259679	4819	3827	265238	57073	23976	225801	53494	
1054	17	2	2	109	1239895	1165043	62674	10255	340896	25092	45595	237001	663	3763	259475	38902	49284	238135	23757	
1116	18	2	2	92	901782	1187914	43519	5595	266776	23074	27996	261275	656	3692	257764	46670	21068	254837	35768	
1178	19	2	2	100	850706	14655447	25990	18863	251248	82880	52878	185560	75630	3307	170894	19307	42992	172903	534	
1240	20	2	2	84	777867	569962	23229	3916	205773	23198	27301	188937	533	3925	189327	42306	30764	189223	25299	
1302	21	2	2	113	645346	611536	26516	3887	236896	27048	32929	225607	685	2983	252237	23874	50701	248224	854	
1364	22	2	2	92	901029	745216	29148	6540	319231	29824	54115	224042	655	2496	371073	60282	67178	233180	662	
1426	23	2	2	99	1065537	1042462	40893	13667	421023	86344	58679	259523	19923	3404	237332	31339	58614	231536	597	
1488	24	2	2	97	1083374	1016892	44465	6650	421685	60823	64552	405581	1141	5474	376326	84942	53371	402999	35464	
1550	25	2	2	148	1179068	1141008	44077	31171	555449	67762	93852	505260	1701	5123	381409	102366	70058	396395	32104	
1612	26	2	2	107	1252918	998275	44370	5718	421665	36717	55013	316361	744	4958	310159	49347	43491	304186	20209	
1674	27	2	2	152	1093784	1095224	30198	7270	338994	61667	47489	305927	37424	2169	299323	31917	42645	301510	543	
1736	28	2	2	81	795818	792573	29856	4774	339644	47381	46577	311061	21117	4670	381061	166880	40983	320525	76246	
1798	29	2	2	100	880028	869719	51936	7027	462937	39212	61798	341100	670	3834	322067	37865	44583	324560	551	
1860	30	2	2	83	1206363	869281	33814	6085	354106	56819	47317	324157	22656	2205	326813	55448	39415	329251	22618	
1922	31	2	2	120	930582	856683	33764	3961	379681	67723	68264	355776	626	2762	336499	60479	148448	514300	37122	
1984	32	2	2	123	905782	851809	33321	4646	339686	58566	41091	334986	23613	2054	327264	60104	34453	333225	23585	
2046	33	2	2	82	974785	1000017	36081	3761	372231	42221	56516	369001	870	3478	397933	65123	49681	347111	24671	
2108	34	2	2	91	928263	962520	40259	6668	400923	71397	58836	374554	25593	1839	350568	44018	51880	349866	553	
2170	35	2	2	158	990303	908452	36274	6193	370442	106174	50141	354894	76733	3517	390660	60421	57883	375723	33334	
2232	36	2	2	229	1448556	1143360	38981	6780	416736	77840	65548	408231	29411	3051	409949	47558	61754	394858	643	
2294	37	2	2	86	1024110	1131401	50937	11219	513788	236985	83186	434094	166941	4650	412981	119769	55062	409903	85959	
2356	38	2	2	85	1024741	1270843	49064	8741	512382	132500	76186	438974	91643	4399	408294	130023	61604	392233	79313	
2418	39	2	2	84	1196342	1113515	39642	5591	402392	70510	57136	384207	28830	1529	399258	53015	56980	636470	2736	
2480	40	2	2	112	1103931	1074956	39755	4940	404300	47105	81617	436053	695	2025	388928	52321	47026	387971	548	
2542	41	2	2	76	1185007	1108315	40874	4279	414007	86440	74183	473820	36666	1972	478363	52522	89006	423695	631	
2604	42	2	2	83	3121978	2020427	55005	16226	828897	190503	196154	557747	63507	3770	479960	83227	104520	409639	30750	
2666	43	2	2	100	1601906	1226773	43473	4915	442151	124926	61176	437717	71207	2637	408990	88103	54848	414827	31395	
2728	44	2	2	85	1293134	1182159	44155	3858	434491	51576	60419	419357	508	1485	414195	62074	43458	454731	654	
2790	45	2	2	88	1163667	1240815	47440	5490	459141	57634	70607	432364	545	1545	529711	61704	82978	456671	554	
2852	46	2	2	91	1446487	1285418	47387	4601	463570	54443	70185	436069	529	2244	506951	61941	71124	457253	734	
2914	47	2	2	83	1302318	1525654	84086	8102	937525	140290	139756	611394	1163	3719	920617	176301	140292	898774	44538	
2976	48	2	2	202	2074449	2428588	81964	16195	916544	230267	126234	837436	134267	5083	840575	135913	135079	541248	1096	
3038	49	2	2	103	1600933	1483091	52791	5092	582885	65161	91119	503274	682	2007	490110	64543	89526	502205	594	
3100	50	2	2	89	2120484	2235551	54714	6609	757151	111366	99960	882352	75413	7486	762040	112199	98351	674657	39621	
3162	51	2	2	113	1548637	1475120	52323	3736	667250	64738	89637	591971	491	2412	610565	104890	72923	598165	37220	
3224	52	2	2	83	1366400	1501355	53294	4858	624206	131208	71928	611126	73731	1682	596391	61561	70296	663351	779	
3286	53	2	2	83	1394280	1869097	74134	6720	800253	69917	73903	718420	924	2982	631445	101080	82214	612272	38504	
3348	54	2	2	95	1496428	1521065	55294	6070	648789	147886	94659	816741	94050	2364	677743	103495	162800	615747	576	
3410	55	2	2	89	2298520	2054340	61236	16566	777966	112449	129978	663402	41620	4607	748576	230611	131923	712371	169425	
3472	56	2	2	184	2338770	1771045	60749	5608	713740	82164	92053	727470	686	2666	689812	110440	111737	868152	49784	
3534	57	2	2	98	1704780	1914524	59734	4388	664631	69603	79981	647237	770	2987	644211	141519	112437	768316	93945	
3596	58	2	2	90	1834130	1704236	78130	6434	791316	101485	138296	824824	741	1704	677072	92854	139880	925172	686	
3658	59	2	2	104	2639872	2315270	80481	13672	1043011	201791	177727	785143	86757	3664	806328	77542	156928	684709	617	
3720	60	2	2	85	2490536	2122940	64952	6404	779553	164715	135738	766070	88362	3532	745501	87640	116009	892700	1667	
3782	61	2	2	141	1858627	2029027	61732	6804	911007	119705	179709	932592	48205	3431	720318	80182	109624	704518	652	
3844	62	2	2	86	1898841	2425981	61143	7285	846801	166568	113509	739217	89410	7920	730939	232117	107745	712729	170826	
3906	63	2	2	85	1930183	2095576	68155	6663	836409	139235	111305	786140	52744	3766	785852	138117	111890	783293	51618	
3968	64	2	2	116	1982871	2277570	72882	5643	796036	81282	111114	695386	535	2845	754870	119713	100873	704973	46518	
4030	65	2	2	86	1791881	2041548	67476	5854	1551221	146251	133215	773536	678	3663	812028	100274	131470	808808	740	
4092	66	2	2	87	1930768	2427423	72487	6959	914630	145197	118714	861358	60945	4030	829861	96029	126163	724878	788	
4154	67	2	2	102	2125138	2174181	154113	32371	1408050	220185	123828	854626	146751	4091	747157	140043	114166	744792	48258	
4216	68	2	2	87	1988866	1947495	69502	4338	846164	97669	114755	737169	614	1697	714532	87000	100135	745428	636	
4278	69	2	2	89	1901329	1986036	73425	4470	885939	173445	128018	919424	1924	6988	801938	234110	127108	785487	150777	
4340	70	2	2	85	2065573	2615961	80099	9091	973078	96540	127075	850865	999	2721	875345	93497	157470	850589	923	
4402	71	2	2	86	2129498	2566157	73449	8816	902636	171740	123005	765649	101274	2610	744849	141549	114645	861227	115590	
4464	72	2	2	82	2115649	2133357	76017	9541	865359	198827	121113	777092	104105	2941	791512	174945	112465	918987	112722	
4526	73	2	2	89	2016619	3099077	78214	8347	1051221	149538	134068	1130612	59522	4394	1053722	200124	201948	1087582	1658	
4588	74	2	2	115	2117466	2903766	76719	7561	1006476	198008	131597	930285	121692	3969	882544	101769	156099	891895	756	
4650	75	2	2	87	2284952	2461522	76936	5040	961679	116088	139996	916828	1169	2597	860323	93251	131111	827860	603	
4712	76	2	2	86	2225177	2426125	79417	6618	973923	185875	137931	903315	121784	2749	881935	118040	135818	876894	807	
4774	77	2	2	103	2209594	2438075	85113	4652	1322884	115826	159145	876811	995	6338	800054	254452	126445	875045	165622	
4836	78	2	2	85	2151047	2480030	79450	9165	1966863	225904	204339	976220	133543	3564	1102237	122770	154860	980336	1242	
4898	79	2	2	88	2653140	3086756	106765	5545	1077131	107033	171346	852982	665	3196	864443	167611	194579	863680	60196	
4960	80	2	2	88	2719047	2613320	81511	4785	965774	104781	132229	854477	786	3368	980604	107024	140940	851282	619	
5022	81	2	2	90	2431727	2637592	85078	7977	1079743	245529	141770	825647	171340	1954	936780	103469	117275	850210	1004	
5084	82	2	2	235	2034088	2421342	113379	13309	1273591	312119	139327	843031	231987	1832	904649	97301	125154	825170	537	
5146	83	2	2	81	2574987	2644559	88283	5110	1065482	242569	175657	1058264	1873	5836	972564	181207	158293	910258	62638	
5208	84	2	2	86	2300864	3847151	95486	7429	1269149	113375	144003	895814	752	2897	989804	122680	162646	889298	716	
5270	85	2	2	80	2137046	2563700	89999	6914	1067088	381617	232513	1175771	200583	2444	1004281	115844	222526	945565	767	
5332	86	2	2	79	3128824	3219215	169592	10256	1954228	225461	311023	1355415	988	2378	1272568	164595	227967	1223616	843	
5394	87	2	2	108	3369109	3174831	86603	4622	996920	113124	174697	904153	672	2596	969161	181841	244650	1149310	74732	
5456	88	2	2	79	3061493	3444082	103559	22871	1620508	210147	282903	1034625	73169	4330	1022251	114534	221945	1077683	1017	
5518	89	2	2	92	2920363	2821973	85536	5715	976835	117570	133909	959822	1037	2319	960390	115487	146858	966188	560	
5580	90	2	2	79	2817828	4202716	119582	13883	1285102	398586	257346	1185225	152970	3587	1008900	117426	286974	913192	542	
5642	91	2	2	82	3067071	3266350	88334	6570	1038738	173931	143003	904145	65909	2362	847525	193971	94986	982219	82198	
5704	92	2	2	80	3878730	3641714	92755	12117	1150810	244487	265825	926719	67111	3893	1079940	183305	272666	967836	67824	
5766	93	2	2	86	3340155	3077956	153960	9743	1358606	139204	180096	1058889	1039	3428	1248652	282585	221745	1216650	79398	
5828	94	2	2	87	2242977	3097232	100426	8027	1169497	247872	161504	1065641	137418	5789	1025985	305834	241578	1326695	168888	
5890	95	2	2	83	2463422	2754912	92394	4413	1107960	138735	152752	979937	667	3962	1376548	133186	246071	941402	717	
5952	96	2	2	81	3363300	3714289	101984	7448	1315232	149064	309165	977820	785	6565	963833	201991	282887	1013941	106679	
6014	97	2	2	80	3377539	2782471	84634	8088	1163153	340187	188253	974358	215669	2456	1061487	156839	302007	1633281	3087	
6076	98	2	2	109	3614779	3674209	107699	9723	1215106	140840	253755	968209	653	3391	940893	175241	192134	968214	71130	
6138	99	2	2	100	3130762	2993033	102243	4435	1250809	147642	213822	1385929	1571	4048	1125481	167067	276258	1194390	2245	
6200	100	2	2	149	3954314	4919760	108321	16766	1758262	299258	295180	1406067	155779	5003	4483736	155174	191884	1211265	812	
62	1	2	3	83	60724	25194	2258	2804	10745	1207	1049	7913	918	1517	8961	1895	1108	7906	906	
124	2	2	3	81	81693	42421	2691	2201	19808	3262	2075	15646	1420	1907	15023	2404	1432	13608	2338	
186	3	2	3	55	72306	54983	3542	2056	23344	4327	3742	19666	1931	2007	19300	4467	1600	18133	4869	
248	4	2	3	61	89668	78987	4806	3302	36134	4040	5610	31189	387	1523	32259	7411	4873	39600	4320	
310	5	2	3	66	159498	117605	5829	3284	45936	5023	7086	37463	426	1432	34684	5464	4715	33695	641	
372	6	2	3	101	207296	163865	6924	3155	75479	79934	40514	140703	10384	3601	77231	6732	8694	68049	998	
434	7	2	3	86	174634	154796	7436	2983	71927	6720	10715	62707	491	1524	59326	9443	7155	60789	7672	
496	8	2	3	104	250434	249492	8321	3871	80234	11640	10564	69766	4724	1797	65502	9574	11669	64011	4652	
558	9	2	3	82	275478	260202	14600	7001	122734	17791	22299	127766	8901	3391	87801	7932	10095	71092	452	
620	10	2	3	100	263599	218165	10524	3255	92109	9452	16371	81277	506	1601	79464	13484	11296	76968	5829	
682	11	2	3	121	312083	231766	11237	4639	96903	15108	15014	84979	6505	1652	79806	11054	15358	78214	467	
744	12	2	3	85	313236	257723	12541	2701	153402	30941	31053	144063	1329	4429	104302	23979	19206	87170	13033	
806	13	2	3	84	300871	293283	12150	2967	135565	13009	17810	146624	626	3039	136000	46355	13589	122403	14244	
868	14	2	3	47	323692	292757	14579	2172	178783	14833	14896	136405	490	1933	147464	15174	15196	128488	438	
930	15	2	3	83	344255	313612	13861	2388	146187	14896	14862	136144	460	1472	132610	13659	14382	133368	449	
992	16	2	3	65	405499	499155	18359	3689	190538	24587	24876	181894	11183	3828	175342	15708	23809	174914	1048	
1054	17	2	3	73	351737	484773	16702	3976	192958	25594	25559	152915	10957	1458	165457	17703	20290	150355	543	
1116	18	2	3	81	434889	392521	16868	3781	169125	17686	23240	166585	583	1822	174793	26422	29369	195269	21904	
1178	19	2	3	85	554413	486511	18728	4822	187245	30166	35995	166418	12341	1442	161823	19974	29884	161708	481	
1240	20	2	3	81	611349	563385	20549	4361	190348	20982	41679	172761	528	1603	178941	21445	41045	185489	604	
1302	21	2	3	54	596375	462306	22885	2629	196931	23425	23388	177803	538	1330	172860	26085	20612	173817	550	
1364	22	2	3	80	463986	446673	19565	2607	192958	23298	27463	184138	511	1786	180454	25835	24435	179493	477	
1426	23	2	3	52	493373	510132	21495	3604	203683	50094	29877	285972	33094	2060	207162	26819	34961	190891	511	
1488	24	2	3	80	541716	487452	21174	3472	212601	50551	29667	199876	31382	1339	192908	29897	29452	197333	522	
1550	25	2	3	79	539959	558131	22658	6394	336913	121850	33399	271594	92649	2325	264090	44239	29185	266463	17908	
1612	26	2	3	79	612535	582475	23057	2261	282531	28028	32956	297873	660	1521	285225	35172	27856	271413	564	
1674	27	2	3	55	588227	649431	25737	3605	329343	41773	43697	412353	1026	2601	441318	52779	78272	376353	596	
1736	28	2	3	85	662028	702748	27221	3978	329001	54673	38297	314434	22331	1501	313521	37598	36127	316398	585	
1798	29	2	3	56	754148	758745	29017	3222	347836	39737	46784	333225	590	3336	337523	54811	51063	338548	23078	
1860	30	2	3	83	844319	731873	29220	4893	326359	71266	62287	508962	41177	6413	428605	106749	63072	358755	64457	
1922	31	2	3	83	786741	966535	30676	13479	397763	63155	44725	321223	23519	3686	321912	57764	40731	323442	27122	
1984	32	2	3	169	864936	872820	31510	5076	389044	46431	60822	1271569	7941	18711	905388	49833	108520	366745	680	
2046	33	2	3	89	1115855	889928	31086	5448	349196	59590	43150	326389	24591	2653	325954	102028	49334	391809	47394	
2108	34	2	3	64	855585	749845	30865	4245	345125	81782	42629	332902	47908	1780	330106	61941	40360	336121	25292	
2170	35	2	3	46	840404	812474	31477	3605	402933	63857	49254	379360	711	2529	377650	89480	46867	350776	50414	
2232	36	2	3	81	917961	828151	31655	3006	360256	42013	53349	348358	489	1376	345354	84632	52233	362506	634	
2294	37	2	3	129	897767	945344	33423	4424	397080	75969	64044	370762	28212	2471	459008	96586	57107	378169	53610	
2356	38	2	3	83	842185	893684	34448	3968	497460	71002	60770	393508	29284	3266	391412	59397	72745	385361	3565	
2418	39	2	3	5592	891547	905336	35016	3713	399384	50349	69741	382887	593	4011	383771	119356	52553	384108	84192	
2480	40	2	3	8402	1292551	1206183	73196	7374	562006	59086	60850	391837	606	1883	383221	52016	93882	404331	724	
2542	41	2	3	91	1210276	1173095	62696	7732	793136	58104	100206	442687	838	4968	427696	108041	88431	456827	72576	
2604	42	2	3	160	1183918	1274097	41171	5824	561714	101474	92432	485156	44324	3798	439157	82331	80015	471122	35143	
2666	43	2	3	144	1037976	1278300	41548	7100	518829	95734	75593	637243	41928	7778	484515	154132	85411	447259	93856	
2728	44	2	3	88	1147136	2340468	40782	4834	520800	65174	82953	434520	693	1966	423900	58853	72894	425109	598	
2790	45	2	3	154	1492225	2260288	60906	8313	884233	95284	125518	694434	1751	4638	683019	92896	119327	699449	1327	
2852	46	2	3	146	1617217	1414297	44532	6796	534754	69820	86882	471668	619	2636	470990	89225	86170	456133	34905	
2914	47	2	3	89	1097540	1176709	43254	5721	497142	99234	84553	466635	36617	2832	459840	92583	82596	459638	35084	
2976	48	2	3	77	1127172	1260528	43864	5334	503474	89338	75445	433002	35123	1882	424459	60711	71246	426517	516	
3038	49	2	3	51	1279918	1106716	44956	4052	483326	65299	88519	439340	530	1512	457394	64573	87383	531728	1325	
3100	50	2	3	57	1174213	1294353	43838	6151	612357	98237	89951	680150	42807	2028	682179	72490	87502	606379	684	
3162	51	2	3	51	1659542	1722057	51607	12057	848851	83423	152202	660891	876	2921	646596	77637	155759	657455	747	
3224	52	2	3	50	1731586	1550405	47346	4459	739940	80507	99482	707131	899	2554	622323	72589	81377	635579	706	
3286	53	2	3	56	1230083	1469249	48380	7878	677542	141933	142886	859871	104675	4787	804103	188868	107229	862130	110083	
3348	54	2	3	52	1649760	2167687	72149	8692	1030543	208452	214012	945848	62654	3697	954693	109822	231158	916669	1072	
3410	55	2	3	67	2614634	1725085	53474	6086	709610	152011	114024	658477	81112	2570	629758	75232	95275	630116	535	
3472	56	2	3	51	1351591	1336935	48566	4725	640308	73015	94896	620978	633	1572	620009	71922	89663	622989	580	
3534	57	2	3	51	1488120	1702534	68016	8710	849225	106768	86295	671388	45403	3631	669858	114050	91437	897448	86182	
3596	58	2	3	56	1417200	1504546	64722	6860	868294	97913	209765	782434	1236	3866	704135	114403	165262	640876	41963	
3658	59	2	3	51	2169890	1728834	50853	5958	679666	78137	98354	658983	713	1995	633915	76359	113324	659845	711	
3720	60	2	3	51	1890419	1577597	56651	4662	771683	84976	123697	734581	793	2230	692254	82263	102390	702546	744	
3782	61	2	3	57	1738492	1773232	58503	6755	1018002	123642	119401	1010733	50995	8849	984650	345438	111107	717683	175803	
3844	62	2	3	51	2679329	1630097	53713	4530	855232	91504	128560	776596	667	4115	926521	269163	168339	1029029	142380	
3906	63	2	3	51	2171252	1842240	65255	8205	768916	162054	87796	671041	88863	1456	650048	87745	85177	701548	719	
3968	64	2	3	48	2241182	1992118	57555	6679	755331	95222	135427	705730	750	4697	717122	160153	134118	674423	89859	
4030	65	2	3	47	2033586	1794176	59929	4032	760356	85364	96500	730460	685	2719	704867	122482	98801	691167	46694	
4092	66	2	3	49	1513524	1604259	82037	12727	802512	85511	133220	753325	713	2037	706704	137530	107552	875819	63348	
4154	67	2	3	51	2748319	2794184	69583	16399	1363259	229658	204690	872396	100712	5625	739577	96655	169156	766171	582	
4216	68	2	3	55	2239375	2568366	66388	9100	1073405	239403	160214	928823	63610	3695	856098	145297	162372	1176818	2833	
4278	69	2	3	68	2099615	2283424	62931	5541	928478	105916	127842	794925	973	2110	770174	94247	117100	755000	546	
4340	70	2	3	48	1640924	2285113	74247	8801	928841	141266	124217	762303	53133	2453	731599	86007	109270	732452	579	
4402	71	2	3	51	1670029	1697014	63401	4127	822782	99286	123513	749427	616	1727	732822	97253	107156	735040	615	
4464	72	2	3	46	1849263	1768025	63805	3840	881749	97622	110983	818976	1424	1818	961527	114906	140395	903616	641	
4526	73	2	3	54	2702710	2478394	76306	9334	1165874	117517	220274	1189490	2450	6615	957870	117136	206244	1222730	2707	
4588	74	2	3	67	3160745	3078725	110879	7649	1518459	113041	140649	1002433	2188	7295	838737	249270	121183	750773	156248	
4650	75	2	3	71	1874183	2196939	63612	6374	894270	197372	158772	1061381	126624	6249	954673	273559	212718	932705	56782	
4712	76	2	3	50	1907551	2261491	74097	11534	939975	170430	152471	789729	57404	1601	784103	97239	128901	782814	506	
4774	77	2	3	51	1924279	1834811	67747	10477	911592	340164	129669	1124481	373244	8636	890543	378996	172387	806270	271504	
4836	78	2	3	46	2767639	2312814	69462	7463	881764	105934	165113	832726	841	2627	834670	112507	110710	774358	510	
4898	79	2	3	47	2096759	1860818	68138	5646	855715	102873	117870	769809	549	3969	774351	230471	111124	795511	139150	
4960	80	2	3	62	2062482	3096186	81656	12128	1354657	139127	250987	949342	1033	4483	880548	128412	186786	849862	739	
5022	81	2	3	50	2648971	2045979	68798	5716	910607	172293	143202	879367	58746	1792	782251	102872	116214	779889	523	
5084	82	2	3	50	1867536	1839000	68540	5645	864008	166103	142989	782156	59612	2001	931210	174431	160513	852012	61564	
5146	83	2	3	45	2966259	3592247	76371	11540	940528	216520	274105	825411	133395	2485	932083	166528	209963	840660	837	
5208	84	2	3	77	2738213	1957381	94208	5139	945662	121136	139483	897747	1146	4228	872550	168403	136971	820301	61182	
5270	85	2	3	9194	2449982	2405374	76792	7743	1138649	403813	168802	1173826	141301	4562	1052885	137446	208382	1008932	818	
5332	86	2	3	82	2062540	2372165	73456	4851	1164470	193351	164690	1223716	92263	5831	979656	187553	165382	862176	65264	
5394	87	2	3	66	2151555	2190251	109400	6101	1354368	142264	158161	934601	822	7655	843277	332600	126302	1012256	238029	
5456	88	2	3	79	4030060	3555508	75953	8636	1176411	129449	300330	941253	654	2369	838538	111241	184757	924789	801	
5518	89	2	3	85	2726041	1933926	112076	5085	1064519	129415	171415	881928	688	2198	1018473	184774	153338	883753	64098	
5580	90	2	3	77	1939272	2146038	84916	4989	1065562	109963	142457	948506	734	3887	1050268	224032	189371	1034336	66122	
5642	91	2	3	75	3060042	3165439	95941	7113	1377841	152828	242718	1036098	1005	5440	972957	293230	220369	1044665	196889	
5704	92	2	3	79	3245612	2371810	85964	5583	1065166	144816	192685	971680	793	3201	1967255	311203	188949	1138872	187913	
5766	93	2	3	85	2149866	2394939	86784	4992	1284003	141557	192509	1027621	848	3179	1006557	133679	157142	995928	650	
5828	94	2	3	82	2122190	2521307	89667	4796	1136926	138298	159775	984735	659	2999	990180	209727	159063	973649	74837	
5890	95	2	3	83	2349375	3032691	89970	5332	1915342	237213	239051	1725192	2287	5966	1558986	223176	201373	1397405	110366	
5952	96	2	3	125	2296514	2613307	96964	4944	1457607	137776	172496	1024987	756	7565	989025	454772	162775	1204616	552844	
6014	97	2	3	101	2582792	3411993	86099	6598	1119196	140127	167293	885003	567	2237	929754	123626	144333	1043228	1268	
6076	98	2	3	83	2636159	3096368	96413	6738	1737388	460879	196832	1079177	83169	5283	1137204	305639	246978	1268112	161549	
6138	99	2	3	80	2940130	6842620	204265	4726	1897777	155366	217161	2071462	3995	8287	1633282	165763	232296	1361671	4090	
6200	100	2	3	93	4025448	7434515	211652	19964	2275856	170179	297143	1616100	737	4319	1742449	317938	313327	1763579	158315	
62	1	2	4	93	92257	105996	12680	3236	20666	11318	1335	14404	4190	1241	14096	1879	1078	17685	491	
124	2	2	4	49	113987	135138	8243	3036	32175	5960	2060	28222	3177	1001	26746	2890	2908	25266	439	
186	3	2	4	68	112784	190413	8559	1855	38372	53379	4438	52010	1243	4642	42540	6698	4957	38819	4678	
248	4	2	4	81	139117	248191	11405	4160	66192	10773	4979	57595	8135	4840	47861	4430	5989	46489	532	
310	5	2	4	74	168498	368723	12230	2533	65629	9453	6982	57301	2894	1892	54853	7456	6667	53866	507	
372	6	2	4	95	285276	439192	24554	3678	86053	8588	6455	72407	638	1399	70059	8186	9385	67524	742	
434	7	2	4	99	307182	443609	36149	4553	189081	12209	11192	122814	764	3309	113020	18372	11508	121963	14694	
496	8	2	4	103	316463	487130	19334	4227	127930	24991	10252	119084	19624	1478	108541	10277	11594	105359	654	
558	9	2	4	56	361320	514348	23307	4590	129958	15428	11849	135358	8487	1749	83793	9419	12580	74040	1017	
620	10	2	4	76	336907	297616	16461	6507	100336	12936	21554	82177	583	2100	87014	13574	16311	73665	5967	
682	11	2	4	75	331652	260785	12174	3493	96392	15226	18917	84382	6626	1333	87084	10040	18224	76376	454	
744	12	2	4	71	319231	272131	12332	2747	100592	11083	21259	87673	482	3187	95789	20701	20133	84109	13196	
806	13	2	4	80	373696	312745	12731	3044	138386	13682	31610	123381	522	1766	121767	17536	16203	257023	18117	
868	14	2	4	85	524915	461434	26059	5481	173532	20579	37437	143241	8947	3584	138762	26786	29802	137627	16225	
930	15	2	4	84	498595	506752	36813	4488	222168	31165	34766	208661	896	7352	157358	49282	21231	168141	44008	
992	16	2	4	82	393668	383386	23640	8997	174376	30747	23959	163004	11129	2429	158311	27114	17472	158389	11129	
1054	17	2	4	59	385567	418003	16934	2823	179795	17521	21039	165014	422	5344	166981	65417	21162	168420	60660	
1116	18	2	4	61	565790	1215867	46445	5083	402616	79102	34644	275332	16873	3318	264378	35707	23115	260443	25574	
1178	19	2	4	79	682760	1696832	61719	10361	493910	64009	38659	265476	40260	4586	334906	59699	46255	274115	16450	
1240	20	2	4	319	852510	1455712	52020	4810	326986	31579	39870	335612	655	4574	316623	46027	50039	299760	32016	
1302	21	2	4	100	1018601	1689986	49258	12168	309841	61478	40694	338409	54781	9358	366005	31850	54413	344406	667	
1364	22	2	4	113	1120177	1635378	54635	4970	338118	26409	54109	283912	548	1655	278203	32435	25735	306709	525	
1426	23	2	4	111	933929	1436772	59281	37557	522817	68223	57602	419097	44826	4871	330336	51343	40552	291452	19169	
1488	24	2	4	97	818769	1658106	54587	4411	334675	30530	38185	316044	563	1704	305656	29094	31819	299133	553	
1550	25	2	4	90	972886	1680928	58964	11049	414996	53942	44906	386325	20585	3929	397799	50986	30549	387903	20475	
1612	26	2	4	121	1074264	1861407	61133	5319	447250	32659	56308	423889	601	1770	383421	34973	40681	413769	1622	
1674	27	2	4	91	1170721	1744806	80819	4876	444573	35755	54492	442862	606	4207	441005	95690	54053	432432	56028	
1736	28	2	4	100	1296347	2057933	60081	13185	556295	41222	85754	482043	720	3526	439896	73378	65225	433407	41483	
1798	29	2	4	94	1490415	1988914	196531	12508	568756	80766	57750	488467	47151	2114	464437	40815	60077	466035	596	
1860	30	2	4	100	1144533	1995093	88295	7180	608597	70456	54468	711277	45283	11249	515993	75504	47997	434074	44124	
1922	31	2	4	86	1114053	1880030	69838	19129	507869	59741	65095	465649	24605	3232	478553	127000	104665	513944	50361	
1984	32	2	4	105	1448929	2065119	73885	5650	538159	46443	80033	477954	586	2714	521602	48427	85825	482927	582	
2046	33	2	4	63	2358638	2211929	93640	9838	513256	85564	51429	503358	47231	2233	463603	63515	46437	538388	35362	
2108	34	2	4	114	1190782	2223235	80494	8942	631592	76116	55536	528633	27093	2393	482752	65386	55552	491252	27384	
2170	35	2	4	100	1218182	2006684	84049	5957	634926	208525	88067	664948	87655	3378	525466	46102	74695	487224	516	
2232	36	2	4	90	1614469	2638783	226173	18564	819895	67562	128228	601328	956	4438	569121	53966	93588	569030	589	
2294	37	2	4	91	1696694	2555097	103159	9186	667097	53775	58766	556478	4592	3396	728352	87923	75361	586844	32014	
2356	38	2	4	121	1430931	3396112	135922	8812	949588	119693	79830	795060	36695	6729	880766	82006	76632	613629	34717	
2418	39	2	4	93	1635382	3282781	135525	6906	807773	84748	90666	769741	1096	5178	1009393	64875	178417	736987	1094	
2480	40	2	4	105	1637631	3093167	129924	7934	772392	95362	97678	628872	763	3342	848055	60442	87310	609977	596	
2542	41	2	4	155	1463053	2862929	103658	4954	715972	60546	107269	600978	602	3569	899051	296853	154818	855070	33669	
2604	42	2	4	93	1550522	2759977	99231	7412	622404	85596	71203	668239	44219	4225	670907	67828	79634	640127	514	
2666	43	2	4	111	1626783	5947142	367118	14782	1601167	78267	150810	956959	7822	9793	760005	80846	129114	661563	652	
2728	44	2	4	135	2329951	4910106	173398	13554	963093	126934	87629	659966	70682	4561	1253875	241526	122653	1023407	147977	
2790	45	2	4	133	2294573	4471886	523276	6291	9241722	83485	179916	5159888	1848	7785	1300073	170426	125910	777490	70658	
2852	46	2	4	176	2503459	12419051	195488	15454	2154500	318336	273657	1525548	2244	10813	1343502	231547	201772	996087	62816	
2914	47	2	4	143	2710916	3713323	102435	7135	973838	93172	97267	679160	608	7807	646632	104768	73961	677689	43200	
2976	48	2	4	99	1703426	4187363	119927	6969	1071926	162954	140894	933368	1146	4859	663958	65129	90967	959184	7845	
3038	49	2	4	99	1995025	2972893	122708	5917	665129	67084	72538	817839	1313	6203	804630	83043	94898	726382	751	
3100	50	2	4	116	2010360	3937978	132114	6356	1108499	82268	104198	887077	680	15591	879751	69660	85904	821567	671	
3162	51	2	4	89	1987280	3424854	106049	8071	862327	152691	84294	879347	173879	22155	1221114	92592	209784	992439	4436	
3224	52	2	4	96	2248030	3327213	109697	7767	1036922	133340	188933	1142231	42524	3707	850444	70486	89532	891102	650	
3286	53	2	4	91	1779185	4298149	138867	17950	1548509	212188	216199	997683	130713	5831	1031012	67015	149850	941896	713	
3348	54	2	4	116	2616958	4319736	134085	10933	1023858	137755	97179	975277	169463	5137	929117	109288	86800	855326	44517	
3410	55	2	4	104	1889946	4879073	123717	12436	1164629	90357	150816	914396	579	4773	1045883	152658	139889	1044361	83546	
3472	56	2	4	100	2677916	3787451	170266	7086	1192499	75392	93097	894271	715	6657	875139	281508	98481	1108778	208303	
3534	57	2	4	101	2404622	3493847	118318	12896	925209	509265	175554	1224123	416360	8679	955545	114874	138285	1077961	66950	
3596	58	2	4	106	2681487	3896857	127260	7964	1221851	240821	196688	1508017	108430	14276	1173891	91774	160935	1093689	1587	
3658	59	2	4	100	2582779	3994333	130747	14879	1554055	552401	174202	972844	343607	4338	931226	80785	143623	982324	1504	
3720	60	2	4	106	3024475	4063316	125728	7294	1084461	91753	149774	1233747	4255	24542	1755397	240949	204370	979686	131124	
3782	61	2	4	105	2878351	4143737	129824	5268	1233631	92174	157628	1024500	863	14464	933158	155648	94082	907693	90566	
3844	62	2	4	110	2163208	3857693	135738	6544	1033692	80862	152927	1727599	3232	17578	1436393	99422	194277	911873	563	
3906	63	2	4	95	2800492	3949683	140982	4446	1004391	77522	101621	907058	536	7051	941817	245104	130049	989073	139879	
3968	64	2	4	102	2350709	4912451	165200	9501	2774805	125343	283706	1337771	1203	4182	2107013	178474	294373	2008967	2206	
4030	65	2	4	140	3218149	4720934	148808	5247	1523257	257115	365171	2028070	2486	16832	2724267	284155	245363	1031722	189875	
4092	66	2	4	120	3228898	4981907	335080	26702	1298702	103861	135029	1113301	1003	3837	1014063	93915	120454	1173585	1517	
4154	67	2	4	117	2590945	4234275	160037	17073	1223566	166370	118174	1000394	97599	2551	978858	78779	98270	1491612	1454	
4216	68	2	4	104	2668725	4316120	182672	8814	1727639	373601	262362	1318494	1623	11317	1235452	188147	268058	1655541	8401	
4278	69	2	4	183	3772536	5140536	194870	5587	1465808	113522	187522	1447185	1316	4887	1559953	189420	202186	1619593	1304	
4340	70	2	4	97	2753188	4855693	312070	9364	2101780	224511	202529	1755395	2135	8164	1205795	172069	136580	1031951	104389	
4402	71	2	4	96	3100512	6164399	269526	11174	1820647	150681	173385	1248768	1304	7352	1276971	291005	186107	1421586	119261	
4464	72	2	4	92	3281567	7084110	259339	17540	2529744	226410	363741	2040985	1698	13270	1339589	236761	289804	1542622	147138	
4526	73	2	4	134	3934495	6648437	271482	8445	1327383	93063	142871	1102505	731	3325	1077857	98705	146069	1600101	3324	
4588	74	2	4	141	6110666	2156561	73158	5661	800608	96477	131677	931974	1628	5433	853739	249878	288077	977811	116928	
4650	75	2	4	74	2823700	2667496	74510	6858	875864	155300	187007	775196	56630	3116	837803	101113	163687	1109137	976	
4712	76	2	4	82	2093851	1845118	64838	6826	802041	326915	170887	821493	265601	3099	746321	88789	109053	892486	974	
4774	77	2	4	82	1812890	2251007	84023	11037	1366160	173797	234112	990544	93490	9659	1087256	172451	268837	909401	64820	
4836	78	2	4	87	2470799	2264113	74030	5927	1016363	108876	192143	870702	821	7178	782759	438804	118068	771826	393548	
4898	79	2	4	80	1690750	1814893	72479	4813	1652792	164089	195950	1050172	896	3347	863444	107675	142550	815261	400	
4960	80	2	4	74	2562494	2731146	80414	5099	1452839	153166	147528	858675	762	2774	812368	94923	124535	1167851	1221	
5022	81	2	4	81	2094718	2143302	77626	5172	909372	146456	225062	1274281	760	5445	1034264	186032	221136	1156903	112556	
5084	82	2	4	77	3359709	3067170	103927	8914	1266367	148119	275567	921248	481	2260	824252	100507	447962	1084538	1356	
5146	83	2	4	79	2678594	2764808	148483	7862	1798937	234892	223660	1176064	1452	11489	1053513	573919	164232	966978	463609	
5208	84	2	4	88	2406758	3081409	134053	6917	2162156	287035	196062	1412083	1668	5841	1027426	120698	199629	1006035	1845	
5270	85	2	4	88	2408244	1998197	105694	5273	1235366	125615	167938	943355	706	4445	1445818	324570	219166	1274394	79370	
5332	86	2	4	79	2144170	2314933	73290	5625	1499678	238466	288606	1285736	1205	4642	946812	186911	190742	1057792	1026	
5394	87	2	4	181	3554253	2624337	83293	10384	1328600	385095	216614	1103485	380765	7522	1244396	286157	225765	1140409	147356	
5456	88	2	4	81	5090346	3701006	138940	23819	1739873	211280	187173	1168471	70719	4404	962504	130662	201397	961519	672	
5518	89	2	4	78	2683760	3452522	100615	8310	2032653	275413	255810	1844071	2653	8744	1549992	330974	267181	2533886	322225	
5580	90	2	4	124	5695495	3162210	118050	10155	1909111	121851	174834	942083	694	3857	988030	212775	198384	912091	66278	
5642	91	2	4	75	2436504	2029457	76640	4545	1160220	182882	200423	1289023	877	3496	1288669	310215	187724	1432344	899	
5704	92	2	4	361	3885286	3325504	79752	8642	1189626	119293	241759	862229	423	3041	863301	116785	197475	867280	438	
5766	93	2	4	77	3099899	3043060	88053	5899	1251748	167612	249261	1822264	1483	5722	1070272	194596	304263	1105108	74321	
5828	94	2	4	84	2161173	2569676	87800	12488	1175517	578557	181180	1178408	473517	6449	1271256	355685	354888	1135135	157842	
5890	95	2	4	81	2444155	2750640	80888	5090	1040533	137044	158125	884230	478	1960	1142934	146676	156034	940225	498	
5952	96	2	4	76	2188042	3349812	143555	6142	1358496	137064	179302	920561	589	3097	937440	297142	174991	1194333	116641	
6014	97	2	4	98	2456890	2558987	84421	7901	1417609	159865	209228	1024222	841	5737	949090	268419	220932	1452784	151352	
6076	98	2	4	87	2410456	2550918	98408	8549	2172432	159834	315859	1570557	2041	10333	1424955	331923	466747	1561714	93115	
6138	99	2	4	87	4381497	3309156	94585	8288	1586225	414169	233045	1395929	253566	6474	1139443	214087	275557	1278888	88865	
6200	100	2	4	78	2371866	3373122	85695	7480	1307428	174348	165998	1241944	72730	4128	1180323	266068	468329	1512287	189612	
62	1	2	5	89	62028	32716	2051	4028	11373	1644	3778	9201	497	1319	10324	2041	1022	9107	905	
124	2	2	5	51	95782	53043	2904	1841	20201	2518	3142	15715	301	1568	16601	3405	2459	16090	1521	
186	3	2	5	56	87804	72384	3439	1965	22411	3347	2803	17571	240	3206	20674	8293	2714	18886	6119	
248	4	2	5	47	106671	86478	4861	2041	35763	4256	5795	28908	280	1591	27342	3756	6727	26774	283	
310	5	2	5	50	134516	119480	5424	1778	40722	4930	5753	32203	266	1809	32090	4663	6094	32432	270	
372	6	2	5	86	240870	146188	6647	3981	61706	8320	10785	53178	3606	1369	37045	5139	8274	34802	316	
434	7	2	5	77	207226	153638	8340	5632	79002	18409	9499	63262	14506	2381	60476	14694	19325	67218	11461	
496	8	2	5	55	235616	176745	8479	7304	86675	36135	8673	83672	32660	2052	68195	11192	9132	64318	4683	
558	9	2	5	75	234624	189074	9765	1853	81292	8767	8650	70840	415	1779	67860	9060	9684	66965	351	
620	10	2	5	60	298788	215147	10354	2798	90599	9510	15097	79035	410	2042	87613	18738	11345	72826	10382	
682	11	2	5	88	300906	240077	11089	5001	96345	21946	13022	86154	22430	2131	81354	14432	15224	78828	6535	
744	12	2	5	81	264604	249519	11208	2048	95630	22086	16440	90329	381	1669	95816	17908	13197	83057	7060	
806	13	2	5	123	344007	331191	13522	3904	172100	12957	18340	238973	1056	5480	182762	28164	52388	161983	17015	
868	14	2	5	104	471057	317015	14015	3100	140693	11629	17985	130769	480	1546	127728	15138	15601	127224	405	
930	15	2	5	80	334743	309921	13643	3334	143555	19977	16851	138517	9078	5050	141773	52886	15720	140224	47047	
992	16	2	5	58	317431	325840	14838	2794	176125	23037	20113	144450	9626	1248	138808	15434	17618	140600	405	
1054	17	2	5	43	544189	385924	16154	2996	164045	16606	25021	154058	416	1787	161695	54346	41900	241888	12022	
1116	18	2	5	77	678930	472328	19312	3570	198080	24097	23393	177463	477	4735	180561	65739	27777	191230	51382	
1178	19	2	5	76	502470	424059	18333	3339	182766	44622	24049	220258	27028	2481	218762	23595	31745	226429	492	
1240	20	2	5	60	631463	544503	20453	4256	195811	42131	39216	177809	25224	3106	174620	32654	35596	178273	13729	
1302	21	2	5	59	559245	676997	22770	4423	335249	25073	52689	189874	617	4495	196103	34851	58225	287263	23449	
1364	22	2	5	77	883432	893991	22893	8788	238476	38122	48997	189075	15197	3993	186537	32568	40651	187847	15154	
1426	23	2	5	77	683652	502120	21939	3268	212958	48767	34427	206997	29802	1520	189715	25650	33528	192159	425	
1488	24	2	5	45	511707	501607	20888	2150	211695	28522	29458	202325	442	1264	194139	31158	25964	195168	379	
1550	25	2	5	47	869096	820893	25654	4458	359678	34377	51803	332071	570	2023	296711	29509	40759	295923	544	
1612	26	2	5	80	628363	860912	25171	4051	324905	32881	38215	283286	458	3646	283263	59793	38484	277005	35102	
1674	27	2	5	77	688678	679720	24479	3522	372945	47754	43061	294636	20407	1803	288273	30908	44803	302974	521	
1736	28	2	5	137	930725	1060028	28211	6431	493788	113919	69794	352719	23895	4010	315793	54443	47449	329525	22451	
1798	29	2	5	88	674907	714065	28144	4105	342809	58020	44888	347803	21269	2206	331027	56568	45812	324310	23055	
1860	30	2	5	66	783675	849587	31001	3866	350843	44042	56697	338430	560	2386	335366	59171	45871	349113	22002	
1922	31	2	5	86	838000	874016	32506	4861	361473	70941	49333	332960	23683	2499	326566	57962	53367	323429	23428	
1984	32	2	5	76	865077	1065112	32176	4100	365265	89996	68500	377753	26581	5220	412159	275709	58068	754153	106540	
2046	33	2	5	87	962930	814952	33039	3139	357281	44756	60159	348562	504	2243	409775	41696	57283	340880	461	
2108	34	2	5	76	854538	824766	35009	5054	404278	200726	98563	417854	77121	3569	365345	46876	47613	342848	568	
2170	35	2	5	80	784965	762969	30832	2744	348976	50054	36520	338822	392	2407	337635	41035	42030	394026	489	
2232	36	2	5	58	1018068	808764	32352	2515	474613	63231	74074	365103	491	3889	363470	137444	163894	472922	85357	
2294	37	2	5	86	2148169	1767668	36893	8867	521853	101053	152134	530690	1166	19961	633932	126355	98713	377905	79260	
2356	38	2	5	88	1650286	1338487	34681	4676	416737	51844	63138	364304	493	2027	363318	50223	60810	360881	436	
2418	39	2	5	81	854345	960165	34711	3695	404182	51509	49996	381485	462	5144	383648	168379	47891	450146	165061	
2480	40	2	5	88	1060214	926604	35734	4773	426910	102031	63550	638104	62931	10464	437884	214758	87309	482919	70448	
2542	41	2	5	84	1566661	1609052	64086	10354	762104	72020	151930	502602	1213	8856	706051	174288	144274	504944	126630	
2604	42	2	5	82	1750532	1367677	44867	7138	484552	78215	92045	421376	35309	1845	769215	63767	70186	457479	673	
2666	43	2	5	68	1095157	1053791	38240	3961	430957	75907	70467	537841	70398	9099	577876	185750	80719	427948	121682	
2728	44	2	5	78	1091410	1079690	54006	3888	543795	91266	81786	457120	33711	2528	416165	84380	74087	541336	126226	
2790	45	2	5	89	1137848	994868	40350	3777	429003	55850	62123	519921	687	2774	560697	104663	89606	509440	33315	
2852	46	2	5	81	1676681	1464314	49467	8304	645442	70582	139876	464231	473	9416	581549	168835	167948	462587	100200	
2914	47	2	5	77	1701075	1328653	46225	4173	480066	59588	101454	487565	545	1942	482337	73482	95336	437961	481	
2976	48	2	5	49	1097777	1052516	43591	7806	450027	229961	60502	440176	199285	1988	428264	57981	60690	429020	419	
3038	49	2	5	76	1037958	1197343	48263	5032	533727	71657	80988	448382	450	2718	475979	109000	79766	488115	39462	
3100	50	2	5	82	1475404	1723652	48845	6522	678447	169354	158479	647771	41052	3392	844781	71507	95700	648476	713	
3162	51	2	5	82	1400270	1503264	51003	8988	919378	181959	90735	659297	117862	6159	636265	143785	81455	707788	86123	
3224	52	2	5	86	1357896	1584373	66848	9724	1037692	257435	118627	684057	120757	3635	636788	102949	85699	803697	46761	
3286	53	2	5	79	1432802	1496393	63558	3981	871729	100173	91819	657587	728	4574	640091	175350	100263	647033	122186	
3348	54	2	5	94	1291681	1884298	63810	9440	930270	88804	170632	695847	504	5759	711256	118859	178664	739503	51724	
3410	55	2	5	81	2378489	2000322	58816	6329	809351	107179	255320	858723	1342	5022	953192	83824	129756	1039620	1834	
3472	56	2	5	115	1643448	1906462	63698	6853	733375	73880	89608	606358	444	2034	604480	99191	76916	613108	40348	
3534	57	2	5	99	1573790	1754913	57133	5553	824577	77712	114160	728095	601	2359	701583	74757	129301	646119	638	
3596	58	2	5	81	2292974	2297832	58372	13615	1634795	363105	439933	883433	97312	8902	639053	176840	138526	691831	123401	
3658	59	2	5	75	1922082	2097448	64373	6598	850467	193209	122742	698835	87523	3848	722521	339959	106895	647241	82905	
3720	60	2	5	79	1445797	1342545	51944	3878	724850	87843	99789	706287	517	2730	629172	112080	82896	627406	42999	
3782	61	2	5	79	1397285	1665696	67282	7291	737120	109001	96039	686287	44121	2464	643299	71071	102413	659982	561	
3844	62	2	5	88	1607594	1893630	77222	6440	1001790	98773	126966	725564	522	1759	682871	81951	96621	1007583	778	
3906	63	2	5	100	2669540	2245346	67353	7566	1030598	107248	164760	712555	457	4822	710971	210270	198981	862978	99031	
3968	64	2	5	113	1978793	1819509	60114	8417	834468	355045	123210	781222	196410	4711	734110	156487	120432	782169	100200	
4030	65	2	5	83	1439377	1664660	60813	4982	824957	104082	209501	847887	961	3655	706620	80224	173691	1372310	3844	
4092	66	2	5	1464	2895209	2126947	60097	5762	748751	167689	179647	714632	868	2547	749546	137422	149094	795912	662	
4154	67	2	5	77	1781079	1628411	60659	4022	756988	129731	111967	868783	51719	6064	716464	143731	111152	874029	54151	
4216	68	2	5	85	1529593	1614400	60420	4572	749436	90612	107877	719366	527	4126	697625	277687	107977	763845	197724	
4278	69	2	5	59	2053283	1956702	63671	5760	847596	94678	126871	740388	622	1815	736513	92658	115456	760313	718	
4340	70	2	5	82	1760957	1565621	60820	4117	856732	107668	124321	722553	503	3529	712080	138805	154772	763204	52536	
4402	71	2	5	83	2413222	2125083	72609	12255	948891	113678	171170	765856	557	3246	742511	97113	176016	913081	1146	
4464	72	2	5	81	2376148	2349351	71149	5335	898055	97015	124440	870743	658	2210	967547	105499	147776	1069681	1338	
4526	73	2	5	87	1807414	2339101	86362	4480	889239	94909	106004	791120	558	2803	755402	146119	167211	908575	61059	
4588	74	2	5	72	3475757	2970811	81797	8267	992189	264636	200027	854772	55808	3289	839208	113645	210133	801448	498	
4650	75	2	5	70	2540401	1803575	73710	7894	913023	163100	136393	794422	55716	2740	830824	104259	130749	1094738	1357	
4712	76	2	5	82	1989178	2286931	81721	4389	1078043	113238	142773	837453	572	2588	797645	101377	143782	1144378	1127	
4774	77	2	5	83	1959889	2509283	89314	7404	1156802	200484	151591	907495	61269	2823	865480	106502	130794	854215	642	
4836	78	2	5	82	1839937	2497260	94317	5209	1178811	136727	154823	1541504	1524	6107	1071138	130574	170470	1016940	1139	
4898	79	2	5	218	2558088	3048163	103895	7641	1056413	113617	130296	861901	470	3324	801431	156541	120640	893464	63355	
4960	80	2	5	81	1921073	2316208	81243	9982	995251	311198	135624	1200765	229727	4839	1244391	123210	207952	1145146	1019	
5022	81	2	5	108	3310168	3202678	102529	7276	1136122	174051	154562	961085	59637	3574	827345	150883	138223	824152	59094	
5084	82	2	5	97	1912571	2630427	82167	5428	1156246	119078	158798	1038522	874	11034	904993	100837	126712	1019060	1664	
5146	83	2	5	106	2077748	2463585	82179	7738	957015	168674	133457	891169	60369	2236	835020	106617	121057	1173297	880	
5208	84	2	5	91	2037007	2982863	81081	6429	1456634	119456	194887	1113040	1439	5908	974499	251438	166608	983912	69113	
5270	85	2	5	140	2073374	2556635	78502	5093	1175131	113150	157928	856021	597	4587	829228	278922	133044	848766	180264	
5332	86	2	5	94	2176356	2611592	93647	4571	928947	108646	139788	895478	556	2661	828313	110869	234470	1130291	1554	
5394	87	2	5	80	4547356	2857216	87197	8206	986944	162255	175193	851185	62349	3203	1027953	186712	160229	907569	62463	
5456	88	2	5	76	2288348	2653530	87267	7778	1019554	286579	147335	970362	204976	3027	925855	158374	138560	829368	63198	
5518	89	2	5	77	1954543	2334176	88198	8291	1155294	318758	182101	972300	188022	4733	921708	124850	162710	1037270	540	
5580	90	2	5	65	3225136	4016404	100123	18275	1919303	320040	347589	2627892	148934	9884	1864682	452196	362387	1865607	227343	
5642	91	2	5	97	6030347	4112368	102676	9132	1715084	407242	255081	1477004	148544	4199	1206868	145761	181538	1231223	1411	
5704	92	2	5	68	2633222	2785041	102778	7711	1304282	255348	185139	991247	128289	3308	982483	215161	166468	1448905	66355	
5766	93	2	5	75	2221280	2615502	117670	13390	1523935	148000	239642	1151616	972	4453	1072017	178274	227310	1117982	971	
5828	94	2	5	76	2372880	2862668	103453	7270	1200634	202145	152950	934473	68322	3585	906510	270343	155829	924596	134426	
5890	95	2	5	76	2315812	3147583	82923	5764	1021883	140363	279237	966594	674	6729	1060160	543745	242238	1035286	408882	
5952	96	2	5	79	3059899	3350487	104744	12259	1473405	230065	270548	1161198	82832	8308	1126165	509644	257396	1072392	374309	
6014	97	2	5	88	3352092	3087096	97453	6949	1109444	184370	174607	1092373	78348	2493	1200906	138808	283500	1042508	753	
6076	98	2	5	87	3411892	3384202	105324	11391	1857835	231718	337454	1208893	85386	5425	1236437	186813	322445	1651345	2192	
6138	99	2	5	121	3289496	3190496	101723	8301	1389125	224350	203777	1026932	71826	10239	1141393	679972	270225	1155326	441347	
6200	100	2	5	76	4222710	4074441	98470	11516	1386185	446988	285275	1584192	228484	6881	1386891	295409	221298	1688635	167116	
62	1	2	6	84	121208	28024	1922	3431	12705	1762	1122	10066	1466	1723	10226	2142	1373	8887	2100	
124	2	2	6	81	81842	46266	2719	2166	21221	2586	3299	17020	333	2086	20231	6451	1763	17663	4717	
186	3	2	6	44	76533	60860	3626	3003	25000	3544	2866	21082	300	2012	20023	4108	3564	19372	2018	
248	4	2	6	46	98843	106203	5630	3202	43343	8184	6075	35806	4721	3081	36331	9223	4430	33770	6799	
310	5	2	6	46	129765	131595	6457	2432	46809	7595	4467	40747	3104	2843	42984	14115	5616	41330	11004	
372	6	2	6	46	177602	285777	26910	3441	63459	7357	10134	47929	393	2107	45627	8789	9742	44110	3904	
434	7	2	6	82	201044	199143	8981	3803	80073	14948	9073	70525	8304	1356	65898	7514	8067	64030	464	
496	8	2	6	62	190695	218669	9581	2493	86689	13632	12328	75978	5054	1746	75932	11752	12211	79007	4833	
558	9	2	6	52	188730	215221	11204	3136	85844	13219	10599	74544	5139	1160	69745	7266	12176	81897	435	
620	10	2	6	59	202742	260932	12000	3948	98550	15212	13584	150529	12017	3563	147429	18159	33336	137959	903	
682	11	2	6	80	407406	414923	18025	4470	266119	64106	37389	247892	1124	6165	144473	20064	25116	146781	710	
744	12	2	6	97	479349	532612	23104	7918	228330	27201	40218	221216	1014	3871	257416	28582	33619	223941	1009	
806	13	2	6	103	573793	583322	20317	8660	322618	85313	38920	301080	50174	5233	213949	29662	46991	282192	983	
868	14	2	6	116	625256	895588	28862	12169	606440	45084	82087	213449	904	8020	169092	39274	26155	191880	32776	
930	15	2	6	119	545769	500792	19118	4623	183924	15207	23041	151495	470	5277	153176	48266	22195	153091	41025	
992	16	2	6	88	500062	409379	16598	3308	168172	16748	23168	159261	498	1385	153858	16919	24730	165567	1116	
1054	17	2	6	86	448778	731027	18858	6166	196188	39855	27356	175952	30090	2310	191482	25781	27241	159286	10697	
1116	18	2	6	268	420972	525486	19814	3665	181002	20107	24614	171202	452	2422	159736	16477	20425	156556	418	
1178	19	2	6	77	461060	519367	17584	2113	171649	17571	22009	168760	452	1379	164759	18251	18605	163635	408	
1240	20	2	6	52	493217	577016	21089	4207	208422	53103	29724	198096	38915	1410	194479	23781	30666	214262	428	
1302	21	2	6	62	499418	563317	22014	2522	248802	21583	25949	180836	433	1423	176906	22297	31616	177036	441	
1364	22	2	6	60	573643	640604	26882	4881	246524	27004	34188	238006	681	1769	226208	27531	35206	223553	483	
1426	23	2	6	75	531067	625126	25020	2858	242388	39686	28966	216253	661	2114	225096	35196	30471	205666	490	
1488	24	2	6	57	721370	603009	24415	5673	217364	73829	26324	202583	59181	1906	202865	27200	26965	207107	444	
1550	25	2	6	75	585960	787012	27327	26063	333641	42889	42567	288041	18791	22367	290218	67487	39707	289655	49070	
1612	26	2	6	65	654018	734187	28246	13389	304916	31850	29512	296489	416	3629	296853	63720	39412	359825	41746	
1674	27	2	6	50	841773	3229383	29782	10190	496356	97037	69275	348392	46201	5076	378883	63780	78059	424128	24699	
1736	28	2	6	82	1123898	928695	28826	8746	361971	52517	56932	310471	20634	1529	289995	33727	52119	290565	438	
1798	29	2	6	76	1088421	753873	26690	6786	327213	67754	45144	307596	40431	2651	323170	77154	41051	332899	43171	
1860	30	2	6	84	707339	741791	29072	6512	360727	78123	50368	338477	45637	5200	332103	95436	44144	365461	67976	
1922	31	2	6	102	945013	893096	32080	5086	389534	43120	51457	356890	547	2687	350452	82747	54937	349254	46929	
1984	32	2	6	85	751024	766332	29231	3021	367784	42578	45389	355289	462	1723	357324	37214	54877	335295	488	
2046	33	2	6	64	824845	1118903	32933	7221	409331	42903	70649	352637	522	3561	334638	75888	57683	334029	46250	
2108	34	2	6	83	810346	1150252	36183	11186	554222	108463	85965	495193	55745	6357	641571	50028	116924	494547	643	
2170	35	2	6	69	1600628	1292903	52409	11591	515661	216334	101138	660923	92212	7695	493568	96924	77513	402191	53988	
2232	36	2	6	103	1278916	1620363	36043	5519	468345	54043	59255	389536	580	2466	385350	46835	58100	381996	557	
2294	37	2	6	122	875891	918987	35724	7920	426593	228117	87398	409861	127927	2315	374995	45404	57006	354387	448	
2356	38	2	6	90	999000	1118221	43496	3849	583083	53432	64318	407739	642	2351	396061	47211	59415	395542	473	
2418	39	2	6	76	1085341	986757	56709	4141	401158	47912	58348	367674	443	2177	364643	52608	55639	533768	1152	
2480	40	2	6	89	1074648	1173654	38231	4951	438873	77370	61523	411016	29569	1646	378187	51192	52718	375939	452	
2542	41	2	6	62	929257	993204	44043	6109	486796	195082	68784	431540	87506	2307	393844	89468	55582	384139	30153	
2604	42	2	6	71	901912	1154590	48614	9362	532064	174952	64257	394478	115232	1529	384674	47509	79509	400929	498	
2666	43	2	6	80	1028700	977374	38101	4691	614955	180054	75221	454509	67012	3825	506131	98685	108130	516084	67341	
2728	44	2	6	244	2322752	1694760	61918	8691	621826	62123	75614	555676	1126	4321	515722	87626	84071	569821	35439	
2790	45	2	6	76	1441164	1388691	76588	14292	764280	89079	168005	599933	680	2565	429049	65822	70199	433977	559	
2852	46	2	6	74	1185974	1371141	55291	6614	922776	155390	213403	889185	40157	11043	472376	184307	93168	492435	143469	
2914	47	2	6	86	1557975	1253349	43450	10845	512122	152462	81509	522635	106674	3816	476673	61062	82581	469149	588	
2976	48	2	6	96	1197097	1134830	44394	5556	473392	138771	78099	471944	74049	1506	471755	60912	73416	478021	951	
3038	49	2	6	116	1273528	1293867	59805	4791	824896	168142	172777	763172	995	5613	673970	92012	89588	490957	498	
3100	50	2	6	69	1224813	1219888	57743	12324	687972	504045	88639	851687	415731	6174	673948	64471	80485	631221	569	
3162	51	2	6	91	1148783	1225826	45242	3765	591002	60716	67049	621686	527	6259	567307	185355	69818	575940	140748	
3224	52	2	6	52	1327784	1846581	51197	5234	747576	65314	95040	600951	476	2594	573089	94327	76452	579291	37719	
3286	53	2	6	77	1241255	1450673	51703	5071	912941	118022	108557	685663	42797	3275	644575	73773	82752	681343	804	
3348	54	2	6	75	1283639	1471053	52776	4162	702865	89024	100096	953413	1997	37847	730995	112963	120779	885994	1202	
3410	55	2	6	118	2038114	1669335	50487	4740	763399	80997	120009	743467	893	3077	623397	88506	82559	765142	992	
3472	56	2	6	88	1543002	1403678	51002	5507	642612	148663	83832	619230	79659	5590	614757	240355	89001	654125	194349	
3534	57	2	6	73	1423235	1867233	106792	7971	984962	134255	125287	716351	43635	4106	657070	111887	97251	644273	40909	
3596	58	2	6	81	1306928	1433756	50923	3858	925009	134530	110607	679635	41793	2995	670917	73140	93341	645066	489	
3658	59	2	6	80	1358070	1376020	52364	4975	662603	127184	99111	657520	44284	6731	736345	401177	102966	860607	478890	
3720	60	2	6	69	1872358	1543383	54537	5944	709656	119445	100728	684457	45073	3273	700316	241345	106480	749949	45984	
3782	61	2	6	84	1407849	1634523	55898	7751	827744	155317	110330	772686	133559	6631	840051	83414	117061	809385	1596	
3844	62	2	6	114	1555290	1909419	59491	5536	985876	87195	136663	769525	658	2769	887056	81916	93278	688604	564	
3906	63	2	6	87	1702504	1890073	56250	4333	730866	82620	116270	684522	470	2902	669591	147646	101810	674752	94235	
3968	64	2	6	76	1443532	1747205	59648	6963	855414	228905	178691	1195294	132565	15305	1007883	86252	125094	761410	941	
4030	65	2	6	81	1801806	1969888	64263	8193	883181	266975	144692	859500	97066	5091	734293	161504	120484	717462	48489	
4092	66	2	6	74	1443713	1675736	61811	4538	809085	94742	107608	721416	450	2979	766482	182863	177600	849080	118023	
4154	67	2	6	86	1850316	1867202	59712	6623	818169	139922	120627	1052040	55890	5277	756701	136415	117306	731762	50368	
4216	68	2	6	78	1592999	1764788	66450	4417	812302	79879	118309	698657	445	3446	800960	121721	100690	967362	58593	
4278	69	2	6	99	1842750	2142637	68172	7749	1428125	183883	204589	1255384	1385	4681	839251	102486	135614	901776	1203	
4340	70	2	6	109	2507069	2278647	63750	6979	1030334	180430	180176	902598	60899	4298	1127673	262994	226085	1076137	64801	
4402	71	2	6	69	1914465	2045248	68287	4493	931304	128282	155959	767663	602	2751	743201	95078	115408	747735	429	
4464	72	2	6	74	1864114	1795975	66589	5038	833190	101082	129916	766143	502	5784	925339	484211	229412	829656	203307	
4526	73	2	6	75	1763573	1940751	65441	3929	869220	155962	168413	903095	1077	4580	948882	114284	148458	851074	858	
4588	74	2	6	75	1668605	1822069	68965	6607	826279	242660	113496	824912	168439	5207	797700	164033	145530	926225	60800	
4650	75	2	6	80	2110159	1997300	67646	8206	928607	158446	134981	1085715	64748	4358	877909	135908	137654	903325	755	
4712	76	2	6	69	1819085	2058143	80951	10086	1177445	434057	156435	881008	311241	7283	1454731	343020	186466	1034308	227322	
4774	77	2	6	76	1915832	2124273	67385	7948	874277	268831	134070	825913	169041	2333	858073	107514	129062	826348	523	
4836	78	2	6	76	1720835	1981275	78516	6959	944751	166914	177068	1216920	68060	5178	906261	163853	145330	796594	59171	
4898	79	2	6	80	1956842	3111020	72369	5834	1038054	180021	132986	826521	57573	2251	785585	148632	117645	775944	57090	
4960	80	2	6	67	2571753	2940476	87562	9057	1307611	190843	334533	953947	660	4766	824033	109074	255837	831058	435	
5022	81	2	6	79	2829364	2607292	109249	7043	1465046	281031	222619	1392134	1770	5497	1401295	178755	287630	1386509	1445	
5084	82	2	6	100	1988980	2169007	109751	6900	1333447	198736	157342	1043408	84415	6485	1125117	160750	140902	801796	58434	
5146	83	2	6	77	1804785	2029100	77619	5169	1012709	121398	268280	1829260	3672	7016	1036914	117140	140206	811189	483	
5208	84	2	6	70	1819295	2072201	74621	6158	1024009	191341	143149	812887	60883	1940	856488	178952	93199	811559	61556	
5270	85	2	6	70	1892001	2422625	170804	8600	1096131	178720	145419	826555	61222	4334	814703	215438	117983	980945	149633	
5332	86	2	6	88	2443170	2138256	75372	4776	905728	112501	138994	859318	494	5420	827370	317435	206343	855604	247275	
5394	87	2	6	87	3753404	2902023	77864	7950	1129897	125308	229112	1216180	1095	7781	1119607	199568	227646	1023036	76409	
5456	88	2	6	92	2569729	2359266	93842	8348	1280767	227183	152226	1088709	159605	7019	1020519	226721	146060	883030	136814	
5518	89	2	6	75	1951075	2466697	91381	8195	1079547	332109	180557	1168851	167873	2396	1138543	147475	181711	981532	531	
5580	90	2	6	79	3327892	3173442	78861	8499	1042832	172129	285124	862897	556	3007	931547	289218	244975	973483	864	
5642	91	2	6	82	2701825	2103706	107766	6973	1112658	279328	169791	1016782	136936	3778	1154404	249395	281922	1529985	1897	
5704	92	2	6	69	3700997	3375221	83225	13321	1204423	170216	250833	984428	67648	2422	900970	117550	205696	1126606	1138	
5766	93	2	6	96	3518486	2491691	83062	5066	1222441	154168	193733	1251141	1485	5467	996884	130629	167096	948437	658	
5828	94	2	6	78	1987678	2609597	93860	9520	1137963	313856	151116	1061909	342130	17351	1520419	203892	223943	1007487	73665	
5890	95	2	6	75	2297785	2282398	83353	4920	1070024	131929	151769	895411	502	3697	892353	235420	147883	933190	184214	
5952	96	2	6	104	2603177	2776580	98185	7471	1333071	228034	219257	1152411	79864	4849	1009432	306270	178087	1065689	206642	
6014	97	2	6	60	2096237	2310159	101264	6072	1135699	175774	164808	1033197	84697	4019	1064236	198621	148131	994515	69878	
6076	98	2	6	74	3413506	3912408	92623	7843	1565576	175125	264435	1073678	659	4490	1187754	148664	232403	1129534	1223	
6138	99	2	6	101	3150868	2928086	100632	9213	1218072	286514	207065	951393	147277	2332	1067374	137010	161523	941123	439	
6200	100	2	6	82	2180279	3183502	98594	6858	1419163	255558	171429	1386984	151507	11230	1283267	402187	341598	1398047	244450	
62	1	2	7	83	53781	30730	2059	4703	11356	2039	1328	8539	905	1296	7902	1284	877	7686	281	
124	2	2	7	42	86220	53481	2793	4289	22493	1691	2161	15785	1335	2626	14877	2217	2586	13831	317	
186	3	2	7	73	83436	65971	3440	2284	23635	2903	5052	18340	353	1083	16954	2939	13522	16755	298	
248	4	2	7	52	100391	116190	7005	3835	76941	6405	10319	54165	4841	5284	53395	12334	5548	38291	7342	
310	5	2	7	118	170680	146976	5670	2707	44028	5317	6335	36001	394	919	33397	4499	6135	31743	343	
372	6	2	7	64	123194	117824	6383	4613	48481	10883	6399	41229	6471	2375	42482	14263	6727	39759	9390	
434	7	2	7	55	185650	209442	11480	3789	103247	11076	11512	66227	530	3175	60070	12532	8793	57955	7514	
496	8	2	7	80	170663	166485	10285	2536	122317	9805	12131	69630	449	1449	65201	8261	8084	86912	841	
558	9	2	7	95	253230	253827	13340	3463	108538	9192	12850	73460	368	1782	69949	8158	11426	69002	339	
620	10	2	7	65	212214	208736	10066	2990	86164	14999	10897	78185	5772	2461	76433	17828	13294	75706	10737	
682	11	2	7	218	348090	231811	10772	2846	91380	9837	12758	82267	405	2177	77330	16085	17376	148546	1190	
744	12	2	7	105	285095	316839	20229	5572	173614	12216	20305	107651	589	1914	105878	10441	18495	80593	393	
806	13	2	7	83	284876	289096	12167	4158	136266	23862	17431	137687	14294	2024	121161	16158	14918	122240	7578	
868	14	2	7	50	308821	294918	13191	1722	137675	14920	17884	130068	431	1805	127169	13148	16096	127430	390	
930	15	2	7	58	289011	418971	14422	5282	173775	28873	27178	140828	17123	1556	135527	14873	19755	134563	401	
992	16	2	7	80	340983	357624	20137	3014	177872	15126	21786	148674	440	1827	155933	37048	27210	154571	413	
1054	17	2	7	85	453047	387644	16755	3988	174406	28563	22536	173305	10960	1316	146856	18713	15789	148140	446	
1116	18	2	7	81	374429	357064	15879	2113	162824	17967	18091	156223	393	1722	153751	24175	20051	158564	11745	
1178	19	2	7	43	409359	672893	21287	3920	205593	21301	27528	179230	440	3402	164802	38008	22956	162077	22657	
1240	20	2	7	61	544232	576907	19502	9281	191768	69482	33115	174032	56709	1515	169060	23131	34885	168389	376	
1302	21	2	7	72	671736	512743	22421	3535	213964	24791	45624	193951	398	3466	203803	74621	48257	218860	30351	
1364	22	2	7	81	676991	583106	21784	4150	206408	33838	50108	189578	15507	2122	188530	34992	41539	190047	15489	
1426	23	2	7	43	627817	493364	23023	1789	322392	32560	34191	232200	529	2277	189622	25039	34194	189564	432	
1488	24	2	7	71	500277	500655	21483	2771	208208	29166	25277	220553	502	2845	214544	42906	35464	215542	18355	
1550	25	2	7	51	547736	693844	25895	4680	326528	45479	45173	310575	20590	2122	302960	49584	44398	301103	20340	
1612	26	2	7	81	662410	726175	31089	4064	320249	45791	36162	314866	20910	2067	305565	35236	42243	304502	477	
1674	27	2	7	77	644259	901657	26769	5013	336289	36938	39473	311022	504	1849	305751	48880	37092	308072	21792	
1736	28	2	7	85	678769	721521	30372	5792	365118	72931	51985	371810	50784	2573	349166	38678	68358	290158	484	
1798	29	2	7	58	913877	741483	26443	5055	309239	51870	47842	300834	21175	1958	297178	52106	42678	297212	21230	
1860	30	2	7	48	892269	863558	82845	31999	979649	50414	96398	340918	683	3336	329051	54825	78681	318447	22382	
1922	31	2	7	88	948311	746252	30877	5012	320482	77159	37135	318060	42884	1861	309043	56622	36862	314328	34218	
1984	32	2	7	57	836361	707139	28719	4229	329800	59392	41550	322238	33806	2517	391075	60831	49005	351696	26058	
2046	33	2	7	83	709574	721744	29668	2147	334504	44300	35239	392687	556	3607	326667	105533	40359	331835	67379	
2108	34	2	7	71	730382	738110	30134	3145	354370	52934	68966	351769	617	2590	348685	38975	44297	347400	471	
2170	35	2	7	59	976435	864547	35152	4793	385312	84098	46691	346660	48645	1593	350931	47606	59298	447715	563	
2232	36	2	7	76	907330	859215	32184	3015	364181	64958	47393	396668	31700	3296	402873	66870	66085	362575	26274	
2294	37	2	7	48	1418735	1343815	39686	10507	520989	72117	145496	392971	29457	5829	394826	99322	89227	388440	53658	
2356	38	2	7	74	1387714	1090607	35244	3039	387617	49692	59762	360865	421	1311	359337	46024	64148	361830	461	
2418	39	2	7	48	892106	926452	33164	3608	374563	47024	53185	362954	520	1837	357282	69918	50816	364033	28113	
2480	40	2	7	73	864819	924536	35561	4890	402174	75795	70526	420892	32475	2696	413595	75981	63641	474103	42935	
2542	41	2	7	79	1008343	978080	39124	4690	456935	59092	66830	417192	514	3007	414109	59096	66890	434016	503	
2604	42	2	7	74	1171308	1135283	40333	6393	495036	67771	99888	701353	1235	4660	491865	60614	92168	745348	2463	
2666	43	2	7	109	2695957	1526177	41976	11941	585289	155603	94553	467410	99038	3561	464838	92423	97746	470650	34933	
2728	44	2	7	85	1219188	1226836	43825	6449	520253	55930	95864	438118	552	3397	439639	63290	86251	463364	872	
2790	45	2	7	84	1267190	1304902	43702	5122	775271	99070	115522	524904	732	3934	596114	140060	126534	819227	71063	
2852	46	2	7	143	1729893	1446380	43490	6906	523958	70020	82826	471531	610	2147	446516	56680	72910	418017	417	
2914	47	2	7	88	1215901	1024315	41382	5598	428386	87302	75361	414384	33341	8678	512230	632518	120377	715505	432232	
2976	48	2	7	84	1053046	1018894	42123	6439	428302	144493	64340	416376	97184	2393	537744	107826	72052	472751	38553	
3038	49	2	7	98	1064823	1033860	43867	4449	453664	96885	69931	432277	35650	3213	433850	120376	62786	431993	70114	
3100	50	2	7	58	1290409	1190430	45663	6359	931122	166609	105277	696090	110759	4482	836664	101582	164302	902416	1975	
3162	51	2	7	65	2131621	1524422	55436	5876	872199	113124	117928	656750	40992	2317	633495	67617	86571	658060	661	
3224	52	2	7	85	1144984	1475556	62047	5667	918924	73054	120313	633202	643	2408	644257	90166	86786	653022	459	
3286	53	2	7	76	1299549	1331136	46886	3376	608991	74546	75539	591682	423	3040	597533	100124	77703	710362	40225	
3348	54	2	7	74	1229796	1515553	49084	4454	652446	67131	86482	598146	435	1741	743274	85615	156788	981870	873	
3410	55	2	7	123	1221804	1280849	49060	3802	675770	90108	90567	675313	521	2997	650208	76367	89238	605071	405	
3472	56	2	7	76	1275160	1336505	50675	3638	700013	81801	96332	640120	445	4489	622570	139845	93905	918062	111526	
3534	57	2	7	85	1478652	1482662	53608	4392	678331	78749	91297	960909	846	7319	800695	205268	107288	717127	146833	
3596	58	2	7	80	1688515	1679695	60147	7295	835331	149626	136009	737080	84990	4884	638711	146962	91254	649126	84183	
3658	59	2	7	78	1284226	1611647	54370	5019	769564	80550	110141	736221	618	2225	831851	82528	115648	744417	785	
3720	60	2	7	79	2067009	1677421	58015	6951	845694	181555	122397	744220	105605	2766	794720	90064	111531	715392	516	
3782	61	2	7	73	1310171	1398111	53224	4417	662085	112719	147386	716517	752	4254	674044	146675	89030	652563	89946	
3844	62	2	7	86	1682870	2319842	56622	6151	875655	130807	97294	915496	52629	4479	971288	82203	100020	681188	588	
3906	63	2	7	85	1544995	1721907	54770	6849	757342	124054	103646	677673	54557	1668	752917	96973	102350	712064	526	
3968	64	2	7	85	1431182	1571872	59380	7666	916080	275279	164743	815360	138686	8946	687349	158933	177863	810886	102999	
4030	65	2	7	83	2459290	2097622	61470	12157	889513	164694	170394	670983	91344	5253	678410	160297	141785	693455	114264	
4092	66	2	7	83	2025175	1689525	58997	4474	786313	82267	101343	685375	448	2609	710484	130838	95242	820960	87061	
4154	67	2	7	103	1776916	1630134	62239	6675	917282	101393	121479	808351	585	2245	909435	87595	117112	760177	482	
4216	68	2	7	79	1710843	1680871	65632	4922	843916	131242	127476	786481	720	2020	986559	110797	120929	896454	1764	
4278	69	2	7	83	1878438	1761005	73198	5293	871682	94942	115144	780034	659	2308	913975	94340	122292	733011	450	
4340	70	2	7	73	1512745	1713142	70941	4440	784044	90994	107579	740547	497	3080	711318	140573	154733	1033870	63996	
4402	71	2	7	85	3307389	2742809	77179	9584	1024696	104441	210076	811018	687	2582	740675	93955	158063	716375	459	
4464	72	2	7	75	2586296	2033169	68036	6872	816645	249592	118880	779614	158407	1808	795622	124237	124541	765244	529	
4526	73	2	7	77	1784862	1729533	62809	6949	783028	128315	112266	907756	70275	2768	841182	92927	152125	877785	1348	
4588	74	2	7	120	3352703	2634713	73205	8427	1020367	111934	186436	869116	880	2940	1111249	207690	193952	1325793	1663	
4650	75	2	7	85	2466897	2581972	68573	8364	1406906	172526	150895	863011	60714	6361	983428	323591	135551	849712	222915	
4712	76	2	7	69	1657630	2039893	80022	9003	1037950	283186	162990	954962	209137	2127	1033298	117525	166119	796571	548	
4774	77	2	7	77	1731436	2317531	67971	4853	1087630	132896	136728	762582	417	2996	759093	151354	112053	990466	72262	
4836	78	2	7	77	1780292	2657771	75075	7819	1095610	229900	157794	878656	116575	2717	865521	105112	151978	893079	532	
4898	79	2	7	75	2694312	5824809	221600	7107	1566912	164509	155421	1273862	64047	6519	1153958	197313	214146	1199089	72622	
4960	80	2	7	118	3884624	6742400	220754	8947	1618653	187334	212600	1489685	67429	8051	1188915	107016	176120	1113851	595	
5022	81	2	7	104	3413928	7663809	196912	10839	1589322	106949	235584	1154839	518	4080	1092869	116027	183370	1120632	546	
5084	82	2	7	89	3719444	5238965	326926	16746	1456230	275184	148946	1271781	180787	3183	1196461	147140	182205	1329638	1023	
5146	83	2	7	99	2940509	7304820	281421	14225	3578924	257614	354715	1659810	1420	6046	1389636	192147	294896	1357062	115020	
5208	84	2	7	229	3844343	6559565	207007	19020	3355757	212857	305168	1238097	61844	8203	1296054	278906	193065	1168745	179247	
5270	85	2	7	105	3821896	6310705	191492	15462	2147487	282674	333299	2389738	211670	8400	1816427	147146	320629	1287916	709	
5332	86	2	7	98	4221782	6461991	191602	13226	1653182	154819	253410	1619050	1173	9774	1254592	621226	202297	1393198	499914	
5394	87	2	7	184	3202489	6790108	208470	14998	2510875	366183	280792	1685438	83379	4207	1255767	118044	251140	1190171	611	
5456	88	2	7	121	4390937	6185032	195013	10929	1502633	223751	213506	1367645	84867	5705	2027258	255717	341747	2271612	116707	
5518	89	2	7	112	4210571	6773687	202531	7091	1417625	143830	193014	1267311	733	3949	1267985	267763	212775	1740685	159434	
5580	90	2	7	130	4462413	6943739	210497	9913	1505355	117621	176323	1719772	1479	8744	1302395	235100	166028	1194066	128743	
5642	91	2	7	106	4108136	7212553	208630	9898	2001049	247884	295158	1461596	1160	4883	1522997	190101	348308	1242371	577	
5704	92	2	7	91	4301212	7646340	210854	12658	1899971	147490	259398	1219434	525	2476	1209833	114441	202803	1379215	1296	
5766	93	2	7	113	4367428	8265501	200658	14995	1833732	365499	273203	1641957	216081	9903	1284266	293382	233337	1417665	218263	
5828	94	2	7	98	4128290	8126363	310965	10347	2305837	359995	271383	1905420	219373	7815	1931264	406849	248224	1284512	134915	
5890	95	2	7	99	3850621	7721636	232959	11075	2199179	187541	356200	1724073	1633	8621	1475076	264929	242179	1351927	143966	
5952	96	2	7	116	4513546	7283001	295172	20155	2149237	146457	293263	1238513	624	3111	1244972	146129	328645	1474722	1317	
6014	97	2	7	152	5252423	7826025	308196	6128	1960801	144524	193330	1357639	1066	3669	1341263	124278	182327	1240617	571	
6076	98	2	7	83	3893669	7123140	297357	12331	2505082	159369	318176	1495626	912	9288	1547845	496582	285023	1743197	411517	
6138	99	2	7	163	4330920	8754976	239607	19424	2524387	421906	372316	1508318	77404	3256	1620837	146571	265696	1947909	18448	
6200	100	2	7	138	4679840	8261166	498262	9731	2382930	164534	232694	1933909	859	5264	1781128	217766	186647	1827853	80721	
62	1	2	8	83	53321	77577	4547	90535	16355	493	20212	11689	308	17671	16498	4941	4389	14376	3946	
124	2	2	8	90	79801	129489	5423	4832	29977	5721	8010	28991	411	2523	26785	3037	4474	25798	383	
186	3	2	8	63	107440	194091	8949	9290	41588	8382	4071	38538	6004	3627	47434	6643	7772	36643	4404	
248	4	2	8	80	136062	372985	14134	37721	140434	11888	24648	80181	8817	7457	63227	12006	9743	59064	4157	
310	5	2	8	105	250271	366707	14955	13931	73584	9232	12802	73048	7437	4091	61359	9522	10770	72156	4792	
372	6	2	8	118	271955	501667	23542	11100	110601	11071	18521	128737	811	7130	82087	8429	23399	70124	436	
434	7	2	8	112	241787	432254	17299	5270	108030	19171	16093	95354	464	3085	99357	9167	22991	93723	439	
496	8	2	8	75	249089	491831	16958	9626	136419	27910	17095	115736	18766	55213	116876	16633	19586	110306	7179	
558	9	2	8	124	298662	543381	23711	8585	136680	18830	24235	140645	13633	5352	135414	25192	18051	241521	50557	
620	10	2	8	125	690276	908405	26621	15660	164642	41806	25439	138033	26811	8213	138116	28334	22759	137384	23936	
682	11	2	8	104	377347	682616	28207	5814	235429	14810	29686	163121	672	7158	150337	33679	30258	173953	29258	
744	12	2	8	96	454357	978933	43100	12029	253910	30569	43469	173128	631	4865	145395	15042	28639	192849	579	
806	13	2	8	113	612679	982948	32411	10409	294614	29371	58997	288394	670	12660	211797	28907	38353	212585	19567	
868	14	2	8	103	474918	816917	30303	10195	217346	33452	31705	216648	19349	6787	206375	35997	28530	207108	26525	
930	15	2	8	72	469473	855246	35569	5966	229867	19272	32172	231114	536	3363	224042	19670	35835	211609	513	
992	16	2	8	94	541044	949706	43072	9161	337007	60743	59486	370533	25500	12653	341620	29792	55055	255867	15432	
1054	17	2	8	112	626552	1059887	39833	42099	259858	21654	42401	235891	571	2105	225522	25260	21696	231136	597	
1116	18	2	8	90	603005	1072863	41495	9149	267360	91334	25256	385051	138688	6837	287679	51840	32643	294401	32707	
1178	19	2	8	151	781490	1495472	44040	7358	312182	45935	37810	292776	26531	3024	246471	39378	30644	249994	15519	
1240	20	2	8	95	677809	1287536	60957	5830	319914	24998	47961	367601	774	4341	363202	39442	54773	388482	4971	
1302	21	2	8	97	924588	1814337	51323	8428	351515	31881	50245	295736	527	4540	275390	64838	41382	284295	52753	
1364	22	2	8	109	723373	1279872	47139	4698	316666	52771	46792	287474	30506	3040	272726	41877	34682	272908	18030	
1426	23	2	8	67	848761	1850983	65925	8448	400601	53280	51478	339936	20889	2941	333444	37201	50249	322213	569	
1488	24	2	8	88	828965	1556291	62195	4615	567690	86395	113183	503164	36657	6242	440865	54985	55721	332801	21954	
1550	25	2	8	106	876331	1858845	88275	7795	638933	34899	59253	405621	643	2942	394802	46402	50109	426834	22669	
1612	26	2	8	104	954430	1722767	86270	6453	507338	44923	67856	508660	668	2444	652199	37551	68848	443138	666	
1674	27	2	8	103	1011263	1845756	57090	8303	699517	88604	110012	748613	42496	5859	569700	63922	74083	521574	16973	
1736	28	2	8	145	1489065	3573532	92468	10721	628461	56639	59647	471075	25916	3375	467459	39774	61203	481447	642	
1798	29	2	8	100	1047359	1979402	77595	5983	521537	47606	58656	593773	881	4887	509163	92473	57100	471652	60343	
1860	30	2	8	99	1209769	2025491	96497	7207	502264	76082	69075	569283	51379	6351	505250	108409	76673	823150	72738	
1922	31	2	8	100	1348149	1924617	73030	9462	579824	79363	60753	476133	46000	3158	484945	68132	59978	463436	25559	
1984	32	2	8	93	1743442	2472805	121954	26060	765874	48006	69693	498295	954	3641	490863	43400	67528	568379	872	
2046	33	2	8	99	1316782	1994265	71957	4408	469632	72619	57538	507100	26266	1847	451611	44864	52463	464562	531	
2108	34	2	8	96	1115364	2855392	145353	8864	675100	49197	73109	679428	879	3783	524577	51543	66806	618918	1019	
2170	35	2	8	129	1604517	2613616	99531	9530	996964	139258	115655	807567	46860	6207	778900	120868	102041	731395	46387	
2232	36	2	8	111	1749840	3343696	138613	12196	994095	87542	118233	796279	4239	5121	535937	49485	130774	965944	2268	
2294	37	2	8	163	1448349	3089895	121655	10048	903295	129121	110126	1001697	58421	14018	1292358	302533	267168	1238374	43317	
2356	38	2	8	160	2072416	2812665	115303	21770	855527	60576	101995	966807	1297	5552	800113	80947	94056	585117	31696	
2418	39	2	8	125	1828917	3701339	144321	9470	1333193	66263	85878	623779	1223	4322	758939	53631	86748	547292	541	
2480	40	2	8	120	2051304	3054238	90943	6556	744156	54558	84124	735167	631	2980	548532	75294	73322	596441	40715	
2542	41	2	8	130	2094265	3469935	127301	12634	1094222	174573	137679	998490	113714	8839	1012834	154705	133159	686154	34277	
2604	42	2	8	119	1779567	3142358	94621	10399	724790	127466	90154	599380	66237	5808	566058	51386	64653	536403	522	
2666	43	2	8	99	1409097	3054537	98503	6074	933658	105340	153982	808927	1030	3872	625049	59426	77981	556459	588	
2728	44	2	8	98	1827681	3127365	97388	8019	1022140	200241	110324	829640	39287	4052	720124	61534	90359	730707	1118	
2790	45	2	8	129	2005917	4090787	216678	9709	1175782	67696	148942	754844	973	5229	884574	96082	81428	757777	56523	
2852	46	2	8	97	1633064	8635206	1711345	7050	917047	69463	122000	1675574	1038	6739	1300881	103860	191484	974097	1290	
2914	47	2	8	89	16831374	30233745	173860	15201	1523343	131892	229035	1324661	1911	8293	938935	210547	339865	1139611	62664	
2976	48	2	8	167	3097808	3839377	107575	5969	712779	68414	100942	599351	531	1822	628631	66621	88783	594724	529	
3038	49	2	8	101	1821926	3432536	134181	6948	787551	65814	116677	617285	465	2073	616885	59818	89599	604999	543	
3100	50	2	8	101	1672675	3141853	112874	7868	875979	96019	96963	856384	39687	3192	813604	72188	122566	1004334	1291	
3162	51	2	8	146	2028953	3266510	120575	8921	887095	102195	120134	850894	45222	3202	849391	102433	132203	1159938	48041	
3224	52	2	8	102	2054990	3323580	132860	15001	975045	117207	134700	823825	74875	28863	1017294	127848	94430	817235	42177	
3286	53	2	8	100	1781021	3275946	203381	9450	1599623	151799	118052	1275923	2130	12969	1178239	80795	119114	923957	703	
3348	54	2	8	119	1983672	4890943	132276	12078	1552652	161594	150971	883610	82628	5574	850578	139341	112182	1014890	85462	
3410	55	2	8	185	1912424	3309162	134573	4531	1102959	96121	153747	997924	901	5575	976987	161312	146018	1310685	120799	
3472	56	2	8	97	1992349	3664433	132694	5295	1282902	206896	438442	1034602	1184	3638	899368	81216	111420	875094	560	
3534	57	2	8	86	2116566	4153825	176281	8463	1775605	231419	188220	1321947	60309	5466	1088547	125977	130894	981315	65647	
3596	58	2	8	199	2284381	3799036	164234	5656	1268367	99486	129120	1045187	1002	4185	1044888	83695	118144	1230260	1603	
3658	59	2	8	99	2503357	4466588	142492	11062	1361473	156656	143015	1031209	51746	4122	990759	140636	128810	970723	47072	
3